-0.299362,-4.170678,8.999072
-0.2825935,-4.175469,8.958349
-0.3352945,-4.1299543,9.03261
-0.2825935,-4.2353563,9.025423
-0.251452,-4.13235,9.013446
-0.28978,-4.0916266,8.994282
-0.304153,-4.2353563,8.984699
-0.2586385,-4.2832665,9.001468
-0.270616,-3.9383144,9.130825
-0.3856,-3.8856134,9.111661
-0.380809,-4.319199,8.972722
-0.3161305,-4.357527,8.929603
-0.2969665,-4.055694,9.099684
-0.2921755,-3.878427,9.092497
-0.3688315,-4.1107907,9.039796
-0.3305035,-4.347945,8.929603
-0.323317,-4.2066107,8.996677
-0.356854,-3.94071,9.099684
-0.4023685,-4.089231,9.018236
-0.3496675,-4.3072214,8.982304
-0.2825935,-4.213797,9.023027
-0.2634295,-4.0341344,9.05896
-0.371227,-4.0197616,9.087706
-0.3592495,-4.194633,9.023027
-0.366436,-4.1299543,9.073333
-0.3496675,-3.806562,9.145198
-0.366436,-3.9958065,9.054169
-0.299362,-4.141932,9.018236
-0.270616,-4.0197616,9.0421915
-0.3065485,-4.13235,9.05896
-0.323317,-3.8568676,9.121243
-0.356854,-3.9383144,9.161966
-0.3305035,-3.974247,9.0948925
-0.356854,-3.94071,9.087706
-0.3856,-3.864054,9.152385
-0.3448765,-3.7562566,9.173944
-0.380809,-3.8089576,9.159571
-0.3448765,-3.964665,9.092497
-0.313735,-4.094022,9.061356
-0.347272,-3.911964,9.133221
-0.447883,-3.864054,9.152385
-0.404764,-4.2545204,9.049378
-0.2586385,-4.3072214,9.063751
-0.28978,-3.691578,9.2506
-0.3927865,-3.595758,9.22425
-0.222706,-3.705951,9.212272
-0.0765805,-3.8760314,9.035005
-0.021484,-4.539585,8.802642
-0.0957445,-4.1922374,9.0948925
-0.117304,-3.840099,9.126034
-0.208333,-3.6460636,9.22904
-0.189169,-3.3633945,9.293719
-0.165214,-3.6939735,9.149989
-0.261034,-3.98862,9.056564
-0.246661,-3.945501,9.063751
-0.184378,-3.7850025,9.138012
-0.270616,-3.8424945,9.171549
-0.265825,-3.945501,9.166758
-0.1963555,-3.8089576,9.152385
-0.2155195,-3.523893,9.257787
-0.0957445,-3.8616586,9.082915
-0.1867735,-4.247334,8.88888
-0.2873845,-4.6569643,8.790664
-0.251452,-4.889328,8.714008
-0.246661,-4.6905017,8.749941
-0.313735,-4.6186366,8.833783
-0.1963555,-4.6330094,8.917625
-0.083767,-4.477302,8.843365
-0.055021,-4.391064,8.769105
-0.136468,-4.9156785,8.661307
0.002471,-5.176788,8.601419
0.2683715,-4.6665463,8.587047
0.2348345,-4.5132346,8.682866
-0.0957445,-4.965984,8.601419
-0.0190885,-5.5720453,8.419361
0.2444165,-5.5816274,8.287609
0.361796,-5.6439104,8.184603
0.337841,-5.8115954,8.19658
0.539063,-5.5912094,8.153461
0.7235165,-4.8150673,8.407384
0.5079215,-5.579232,8.275632
0.4121015,-6.154152,7.822882
0.634883,-6.2332034,7.8013225
0.7091435,-6.4631715,7.755808
0.4456385,-6.158943,7.9067245
0.2587895,-6.029586,8.522368
0.376169,-4.4269967,8.378638
0.960671,-5.0067077,8.311564
0.515108,-4.630614,8.36666
0.563018,-4.4030414,8.615792
0.534272,-4.9252605,8.007336
0.6324875,-6.1230106,7.257544
0.6612335,-7.222545,7.0299716
0.879224,-6.3769336,7.037158
1.1355425,-6.7937503,6.3161125
0.970253,-6.7650046,6.1340547
1.1307515,-7.3782525,5.94481
1.334369,-9.486293,4.7782016
1.080446,-9.527016,4.8309026
1.200221,-8.151999,5.111176
1.0636775,-8.858671,4.41169
1.2457355,-9.697097,2.773168
1.411025,-9.800103,3.3169465
1.2936455,-8.976051,4.430854
1.152311,-8.671823,4.0691333
1.439771,-8.695778,3.956545
1.497263,-8.674218,4.0499697
1.406234,-9.194041,3.3456924
1.3319736,-8.789202,3.764905
1.1786615,-7.236918,4.766224
1.3846745,-8.676614,2.8665924
1.597874,-10.418142,1.4388745
1.8302375,-9.979766,2.3012545
1.4325845,-7.7327867,3.1013515
1.1978256,-8.163977,1.982653
1.5571505,-12.473481,-0.1852745
1.837424,-9.886341,-0.7506125
0.9439025,-9.270698,1.125064
1.128356,-7.960359,0.7968805
2.206331,-13.254414,-1.730372
2.72855,-9.404845,-1.3686515
1.736813,-8.58798,0.224356
1.693694,-9.83364,-0.2331845
1.6625525,-9.651582,-0.7745675
1.7823275,-9.421614,-0.8512235
1.952408,-9.18446,-0.7362395
2.1129065,-10.858914,-1.1291015
2.292569,-8.959283,-1.5602915
2.3716204,-7.7854877,-2.128025
1.5308,-10.063608,-1.054841
1.3846745,-9.483897,-0.935066
1.732022,-10.140264,-2.1400025
1.7152535,-7.9196353,-1.648925
2.225495,-12.207581,-3.019151
1.779932,-8.537675,-1.7950505
1.5906875,-9.495874,-1.5507095
2.158421,-8.439459,-2.3124785
2.134466,-10.221711,-2.7053404
1.784723,-9.0934305,-2.266964
1.823051,-8.705359,-2.4466264
1.72244,-9.301839,-2.219054
1.123565,-7.8142333,-1.5459185
1.640993,-11.43623,-3.052688
2.29736,-8.695778,-3.3569164
2.326106,-9.287466,-3.0550835
1.904498,-8.851485,-2.4657905
1.971572,-9.270698,-2.832302
1.9164755,-9.92946,-2.9544725
1.9116845,-8.106484,-3.0790384
1.952408,-9.323399,-3.383267
1.8973114,-9.122176,-3.028733
2.096138,-9.126967,-3.1269486
1.91408,-9.500666,-2.9209354
1.6673435,-8.885022,-3.038315
1.77035,-8.271774,-3.2467234
2.0314596,-9.991743,-3.857576
1.8829385,-8.425086,-3.134135
1.7727455,-9.110199,-3.0934114
2.0170865,-9.057498,-3.277865
1.995527,-8.856276,-3.1604855
1.842215,-9.361727,-3.4239905
1.8302375,-8.825134,-3.412013
1.9787585,-8.863462,-3.3617074
1.8254465,-9.201228,-3.129344
1.832633,-8.511324,-3.4431546
2.062601,-9.14134,-3.7354054
1.6529706,-8.976051,-3.0742476
1.832633,-8.916163,-3.11018
1.8158644,-9.318607,-3.440759
1.6577615,-9.062289,-3.407222
1.86617,-8.54007,-3.474296
2.043437,-9.043125,-3.5964665
2.048228,-8.959283,-3.5389745
1.837424,-8.058575,-3.095807
2.163212,-9.610859,-4.121081
2.086556,-8.192722,-3.618026
2.124884,-9.129363,-3.78092
1.885334,-9.148527,-3.598862
1.8014915,-8.868254,-3.6156304
2.062601,-8.576002,-3.5437655
1.8541925,-9.088639,-3.718637
1.827842,-8.870649,-3.977351
1.928453,-8.623913,-3.574907
2.081765,-8.631099,-3.675518
2.1656075,-9.0407295,-4.02047
1.9883405,-8.681404,-3.895904
2.1991446,-8.834717,-3.7641516
1.803887,-9.21081,-3.6252124
1.8589835,-8.003478,-3.9653735
2.4674406,-9.052707,-4.145036
2.1991446,-9.194041,-3.546161
1.703276,-8.425086,-3.2754695
1.91408,-8.633494,-3.742592
2.3045466,-8.973656,-3.9318366
2.2278905,-8.863462,-3.7066596
2.029064,-8.75806,-3.560534
2.191958,-8.645472,-3.771338
2.2853825,-8.894604,-3.8360164
1.971572,-8.604749,-3.584489
1.952408,-8.398735,-3.7354054
2.120093,-8.980842,-3.776129
2.187167,-8.983237,-3.761756
2.124884,-8.712546,-3.699473
2.005109,-8.710151,-3.5198104
2.0362506,-9.038334,-3.8216436
2.086556,-8.952096,-3.8791356
2.1799805,-8.54007,-3.7881064
2.0889516,-8.817948,-3.5868845
2.062601,-8.892208,-3.5820935
2.0027134,-8.4418545,-3.574907
1.9164755,-8.770038,-3.641981
1.8494015,-9.088639,-3.689891
1.9691765,-8.789202,-3.483878
2.168003,-8.851485,-3.594071
2.1560254,-8.973656,-3.574907
2.0170865,-8.674218,-3.6731224
2.043437,-8.564025,-3.8120615
2.1799805,-8.99761,-3.7354054
2.168003,-8.77962,-3.656354
2.038646,-8.669427,-3.618026
1.9068935,-8.592771,-3.5868845
2.0554144,-8.956887,-3.7497785
2.086556,-8.978447,-3.73301
1.947617,-8.944909,-3.6347945
1.981154,-8.700568,-3.7593606
2.086556,-8.736501,-3.6683314
2.163212,-8.928141,-3.7258234
2.096138,-8.714941,-3.584489
2.0314596,-8.702964,-3.632399
2.0314596,-8.822739,-3.7354054
2.1176975,-8.887418,-3.7497785
2.0841606,-8.822739,-3.5773025
1.9356395,-8.698173,-3.4862735
1.928453,-8.887418,-3.742592
2.024273,-8.887418,-3.967769
2.110511,-8.793993,-3.7114506
2.091347,-8.810761,-3.5964665
2.0099,-8.6838,-3.560534
1.9691765,-8.87544,-3.517415
1.971572,-8.844298,-3.728219
2.110511,-8.753269,-3.627608
2.1943536,-8.774829,-3.5341835
2.1656075,-8.707755,-3.622817
1.957199,-8.863462,-3.613235
1.880543,-8.961678,-3.6731224
1.9691765,-8.789202,-3.7066596
2.067392,-8.6838,-3.6300035
2.038646,-8.868254,-3.531788
1.990736,-9.047916,-3.579698
1.9452215,-8.616726,-3.7449875
2.048228,-8.753269,-3.646772
2.072183,-9.011984,-3.7641516
2.0649965,-8.892208,-3.6683314
1.9787585,-8.714941,-3.627608
1.985945,-8.736501,-3.5485566
1.990736,-8.983237,-3.531788
1.9883405,-8.822739,-3.5485566
1.9356395,-8.810761,-3.6156304
1.890125,-8.99282,-3.6683314
2.0506234,-9.088639,-3.8695536
2.053019,-8.796389,-3.622817
1.933244,-8.985633,-3.3233795
2.3237104,-8.793993,-3.7928975
2.100929,-8.753269,-3.546161
1.8925205,-8.350825,-3.507833
2.0362506,-8.595166,-3.5341835
2.1081154,-8.988029,-3.598862
2.1129065,-8.695778,-3.6779134
2.0218775,-8.693382,-3.6443765
2.0218775,-9.038334,-3.565325
2.158421,-9.153318,-3.6683314
2.0889516,-8.822739,-3.469505
2.0075045,-8.868254,-3.407222
1.96199,-9.014379,-3.5677204
1.842215,-8.561629,-3.5773025
2.024273,-8.707755,-3.63719
2.0793695,-8.904186,-3.574907
1.96199,-9.021565,-3.58928
1.904498,-8.791597,-3.709055
2.0889516,-9.071871,-3.7306144
2.239868,-9.21081,-3.5437655
2.177585,-8.964073,-3.3856626
1.933244,-8.132835,-3.124553
1.918871,-8.501742,-3.670727
1.942826,-9.505457,-3.7881064
1.995527,-8.58798,-3.531788
2.0170865,-8.523301,-3.4671094
1.9835495,-9.165296,-3.6491675
2.048228,-9.208414,-3.5677204
2.005109,-8.707755,-3.368894
1.918871,-8.640681,-3.3521254
2.0602055,-9.098222,-3.598862
2.096138,-9.0407295,-3.512624
1.885334,-8.449041,-3.234746
1.928453,-8.865858,-3.4479456
1.971572,-9.239556,-3.5485566
1.9116845,-8.932932,-3.469505
1.995527,-8.798784,-3.5389745
1.985945,-8.765247,-3.4191995
2.024273,-8.973656,-3.4575274
1.9835495,-8.928141,-3.483878
2.0099,-8.782016,-3.4575274
2.000318,-8.877835,-3.488669
1.995527,-8.932932,-3.44555
1.9500124,-8.868254,-3.469505
1.9787585,-8.822739,-3.4910645
2.0099,-8.954492,-3.5725114
2.0170865,-9.009588,-3.517415
2.0554144,-8.887418,-3.54137
1.928453,-8.710151,-3.4814825
1.880543,-8.810761,-3.49346
1.957199,-9.004797,-3.574907
2.05781,-8.9497,-3.5677204
2.0362506,-8.710151,-3.3090065
2.0410416,-8.834717,-3.4814825
2.014691,-9.031148,-3.752174
2.0075045,-8.956887,-3.546161
2.0122955,-8.796389,-3.426386
1.981154,-8.913768,-3.455132
1.9883405,-8.978447,-3.565325
2.115302,-8.920955,-3.5150194
2.163212,-8.887418,-3.469505
1.9452215,-8.73171,-3.3473344
1.8206555,-8.796389,-3.455132
2.072183,-9.069475,-3.7641516
2.211122,-8.810761,-3.6827044
1.9404305,-8.609539,-3.3473344
1.8494015,-8.901791,-3.4527366
1.9068935,-8.973656,-3.6635406
1.880543,-8.956887,-3.5246015
1.8685656,-9.026357,-3.344939
1.96199,-8.877835,-3.5006466
2.072183,-8.863462,-3.5773025
2.0506234,-8.829926,-3.565325
1.9739676,-8.873045,-3.4814825
2.024273,-8.880231,-3.426386
2.000318,-8.810761,-3.4048264
2.014691,-8.973656,-3.498251
2.0314596,-8.961678,-3.584489
1.9979225,-8.741292,-3.4719005
2.0027134,-8.954492,-3.512624
1.9548035,-8.839507,-3.603653
1.8781475,-8.712546,-3.4766915
1.9931315,-9.014379,-3.608444
2.043437,-9.035938,-3.4814825
2.0075045,-8.80118,-3.507833
1.9739676,-8.796389,-3.5581386
1.9691765,-8.973656,-3.5293925
2.005109,-8.861067,-3.5773025
2.0170865,-8.765247,-3.4719005
2.0362506,-8.822739,-3.3904536
2.0314596,-8.904186,-3.3617074
2.0099,-8.947305,-3.459923
2.0697875,-8.896999,-3.622817
2.0506234,-8.712546,-3.5293925
2.0218775,-8.877835,-3.54137
2.0027134,-9.011984,-3.5868845
1.9404305,-8.952096,-3.618026
1.9212666,-8.80597,-3.5773025
1.933244,-8.770038,-3.522206
1.9548035,-8.978447,-3.5246015
1.9883405,-8.80597,-3.474296
2.053019,-8.690987,-3.4383636
2.1368616,-9.064685,-3.531788
2.0554144,-8.832321,-3.5581386
2.038646,-8.652658,-3.536579
2.062601,-8.861067,-3.5150194
2.0889516,-9.117386,-3.5341835
1.9883405,-8.760456,-3.373685
1.947617,-8.645472,-3.5150194
1.9595945,-9.047916,-3.7114506
1.9883405,-9.043125,-3.665936
1.957199,-8.690987,-3.4623184
2.029064,-8.789202,-3.5725114
2.0314596,-9.086244,-3.7689426
1.9356395,-8.853881,-3.555743
1.971572,-8.63589,-3.4335725
2.0841606,-8.84909,-3.756965
2.062601,-8.990424,-3.579698
1.995527,-8.738896,-3.5437655
1.933244,-8.808366,-3.4479456
2.043437,-9.148527,-3.6012576
2.0889516,-8.880231,-3.5629294
2.043437,-8.628703,-3.4479456
2.0602055,-8.904186,-3.6491675
1.971572,-8.956887,-3.622817
2.000318,-8.817948,-3.560534
2.100929,-8.786806,-3.5868845
2.038646,-8.839507,-3.5389745
1.9835495,-8.839507,-3.5437655
1.9548035,-8.688591,-3.5629294
2.014691,-8.92335,-3.546161
2.0506234,-9.023961,-3.5677204
1.985945,-8.820344,-3.5293925
2.0170865,-8.786806,-3.455132
2.1129065,-8.863462,-3.5246015
2.072183,-8.956887,-3.507833
1.918871,-8.829926,-3.5198104
1.9548035,-8.734105,-3.531788
2.0649965,-8.944909,-3.6012576
2.076974,-8.976051,-3.4671094
2.0410416,-8.765247,-3.498251
1.9883405,-8.717337,-3.608444
2.019482,-8.930536,-3.661145
1.9787585,-8.782016,-3.4575274
2.0841606,-8.911372,-3.526997
2.053019,-8.820344,-3.598862
2.005109,-8.861067,-3.598862
1.933244,-8.985633,-3.73301
1.985945,-8.681404,-3.689891
2.1176975,-8.719732,-3.4958556
2.086556,-9.143736,-3.5868845
1.952408,-8.817948,-3.531788
1.985945,-8.655054,-3.555743
2.086556,-8.980842,-3.7210324
2.0027134,-8.966469,-3.5150194
1.870961,-8.65745,-3.4719005
1.9452215,-8.841903,-3.5725114
1.9931315,-9.016774,-3.5389745
2.0362506,-8.770038,-3.555743
2.124884,-8.863462,-3.7641516
1.9835495,-8.80597,-3.5629294
1.885334,-8.829926,-3.49346
1.9548035,-8.968864,-3.622817
2.0170865,-9.069475,-3.5581386
2.0506234,-8.671823,-3.431177
1.985945,-8.590376,-3.5389745
1.995527,-8.956887,-3.7497785
1.9548035,-8.930536,-3.6108396
2.0602055,-8.719732,-3.5293925
2.0793695,-8.877835,-3.531788
1.9979225,-8.954492,-3.6108396
1.8781475,-8.717337,-3.680309
2.000318,-8.813157,-3.6683314
2.0410416,-9.007193,-3.618026
2.0314596,-8.954492,-3.546161
2.0027134,-8.6838,-3.584489
1.9835495,-8.760456,-3.6300035
2.0122955,-8.983237,-3.656354
1.9835495,-8.839507,-3.560534
1.981154,-8.741292,-3.641981
1.947617,-8.968864,-3.5868845
2.0362506,-8.961678,-3.675518
2.005109,-8.702964,-3.5581386
1.971572,-8.705359,-3.4814825
2.005109,-9.035938,-3.6156304
2.005109,-8.873045,-3.58928
1.971572,-8.674218,-3.5820935
2.033855,-8.889813,-3.6922865
2.014691,-8.851485,-3.598862
1.9548035,-8.930536,-3.5341835
1.8877295,-8.817948,-3.579698
1.942826,-8.841903,-3.570116
2.029064,-8.964073,-3.680309
2.1176975,-8.880231,-3.646772
2.1656075,-8.633494,-3.5581386
2.0889516,-8.710151,-3.565325
1.91408,-8.808366,-3.526997
1.904498,-9.009588,-3.5389745
1.9739676,-8.956887,-3.560534
2.0122955,-8.73171,-3.517415
1.9691765,-8.726919,-3.507833
2.053019,-8.813157,-3.622817
1.9548035,-8.817948,-3.632399
1.9260575,-8.87544,-3.6012576
1.9260575,-8.990424,-3.6970775
1.9691765,-8.724524,-3.7066596
1.9931315,-8.834717,-3.5006466
2.0314596,-8.925746,-3.5389745
2.0841606,-8.84909,-3.6874955
2.0554144,-8.688591,-3.5773025
2.091347,-8.817948,-3.574907
1.990736,-8.906582,-3.498251
1.971572,-8.770038,-3.5773025
2.000318,-8.80118,-3.5293925
2.0506234,-8.9497,-3.4671094
1.995527,-8.796389,-3.522206
2.024273,-8.743688,-3.699473
2.0027134,-8.973656,-3.622817
1.899707,-8.896999,-3.4910645
2.0218775,-8.829926,-3.574907
2.076974,-8.80118,-3.5054376
2.0266685,-9.047916,-3.5389745
1.9068935,-8.863462,-3.550952
1.9164755,-8.688591,-3.570116
2.0506234,-8.908977,-3.5581386
1.9739676,-8.885022,-3.440759
1.9308485,-8.760456,-3.5437655
1.9979225,-8.841903,-3.6731224
2.072183,-9.028752,-3.6779134
2.091347,-8.829926,-3.5198104
2.0075045,-8.714941,-3.440759
2.014691,-8.834717,-3.5102284
1.966781,-8.896999,-3.747383
1.8685656,-8.839507,-3.6108396
1.9308485,-8.889813,-3.6395855
2.0841606,-8.97126,-3.718637
2.081765,-8.84909,-3.4862735
1.9979225,-8.655054,-3.426386
2.0506234,-8.698173,-3.627608
2.067392,-8.892208,-3.550952
2.0266685,-8.846694,-3.579698
1.990736,-8.717337,-3.5102284
2.0410416,-9.023961,-3.6395855
1.9260575,-9.074266,-3.713846
1.909289,-8.717337,-3.618026
1.923662,-8.734105,-3.641981
2.0027134,-9.045521,-3.6922865
1.9643855,-8.856276,-3.6491675
1.918871,-8.65745,-3.483878
1.933244,-8.784411,-3.608444
1.971572,-9.091035,-3.627608
1.9835495,-8.822739,-3.517415
2.076974,-8.664636,-3.5820935
2.0697875,-8.762852,-3.5916755
2.0122955,-8.837112,-3.598862
1.933244,-8.846694,-3.613235
1.9548035,-8.896999,-3.5437655
1.9595945,-8.940119,-3.5773025
1.8685656,-8.686195,-3.526997
1.880543,-8.772433,-3.5773025
1.9643855,-9.035938,-3.742592
1.9787585,-8.961678,-3.641981
1.9356395,-8.782016,-3.5820935
1.9500124,-8.817948,-3.5198104
1.957199,-8.956887,-3.579698
1.9595945,-8.834717,-3.6539586
1.976363,-8.681404,-3.5437655
2.072183,-8.822739,-3.6108396
2.0602055,-8.803575,-3.8647625
1.933244,-8.710151,-3.5820935
1.9308485,-8.959283,-3.6300035
1.928453,-8.942514,-3.6922865
1.952408,-8.782016,-3.594071
1.9452215,-8.810761,-3.5581386
1.966781,-8.937723,-3.713846
1.918871,-8.868254,-3.699473
1.942826,-8.808366,-3.6731224
2.0218775,-8.829926,-3.7114506
2.0218775,-8.877835,-3.6108396
1.985945,-8.724524,-3.622817
1.985945,-8.722128,-3.622817
1.995527,-8.793993,-3.641981
1.957199,-8.892208,-3.5964665
1.9308485,-8.832321,-3.5389745
2.000318,-8.839507,-3.661145
2.0099,-8.870649,-3.5916755
1.9979225,-8.705359,-3.5773025
2.0362506,-8.762852,-3.742592
2.014691,-8.964073,-3.7641516
1.933244,-8.844298,-3.670727
1.904498,-8.690987,-3.5964665
1.957199,-8.916163,-3.8072705
1.9643855,-8.964073,-3.804875
1.890125,-8.561629,-3.594071
1.995527,-8.786806,-3.694682
2.0410416,-9.131759,-3.9414184
1.947617,-8.679009,-3.5868845
1.952408,-8.616726,-3.4958556
1.990736,-8.932932,-3.8168526
1.952408,-8.901791,-3.665936
1.9739676,-8.63589,-3.5868845
2.024273,-8.813157,-3.5581386
2.0075045,-8.954492,-3.6970775
1.96199,-8.75806,-3.713846
1.981154,-8.671823,-3.7162416
1.9835495,-8.834717,-3.7737336
1.952408,-8.990424,-3.824039
1.8925205,-8.647867,-3.6874955
1.938035,-8.786806,-3.656354
1.86617,-8.911372,-3.584489
1.8733565,-8.837112,-3.6635406
1.890125,-8.786806,-3.7833154
1.8829385,-8.944909,-3.723428
1.894916,-8.822739,-3.7162416
1.96199,-8.597562,-3.7162416
2.029064,-8.820344,-3.6012576
2.014691,-8.908977,-3.550952
2.0218775,-8.767643,-3.632399
2.0697875,-8.6838,-3.742592
2.072183,-8.80597,-3.790502
2.0075045,-8.92335,-3.776129
1.9739676,-8.688591,-3.7210324
1.9979225,-8.770038,-3.718637
1.904498,-8.863462,-3.651563
1.9212666,-8.803575,-3.814457
1.9979225,-8.681404,-3.790502
2.005109,-8.820344,-3.6347945
2.0314596,-9.007193,-3.852785
1.952408,-8.611935,-3.7018685
2.0314596,-8.655054,-3.737801
2.115302,-8.908977,-3.82883
2.091347,-8.798784,-3.675518
2.0649965,-8.676614,-3.661145
2.120093,-8.750874,-3.8360164
2.1033244,-8.861067,-3.7689426
1.9643855,-8.741292,-3.670727
1.952408,-8.774829,-3.723428
1.96199,-8.885022,-3.8168526
1.9835495,-8.829926,-3.704264
1.9404305,-8.66224,-3.598862
2.0027134,-8.825134,-3.7976885
1.985945,-8.885022,-3.8312254
1.942826,-8.741292,-3.6300035
1.990736,-8.746083,-3.742592
2.029064,-8.844298,-3.7162416
2.0027134,-8.782016,-3.63719
1.9548035,-8.786806,-3.5868845
2.0122955,-8.885022,-3.7258234
2.0458324,-8.686195,-3.6635406
2.029064,-8.616726,-3.584489
1.938035,-8.870649,-3.709055
1.894916,-9.016774,-3.7545695
1.8925205,-8.928141,-3.632399
1.8733565,-8.810761,-3.6922865
1.894916,-8.664636,-3.6922865
1.976363,-8.815553,-3.6300035
2.0170865,-8.80597,-3.7545695
1.990736,-8.681404,-3.7306144
1.96199,-8.726919,-3.747383
1.9739676,-8.976051,-3.8024795
1.971572,-8.853881,-3.699473
1.9835495,-8.80118,-3.6874955
2.019482,-8.765247,-3.713846
1.995527,-8.707755,-3.8072705
1.976363,-8.688591,-3.939023
1.832633,-8.698173,-3.814457
1.899707,-9.000006,-3.7114506
2.0554144,-8.983237,-3.814457
2.0458324,-8.681404,-3.689891
2.0099,-8.705359,-3.709055
1.942826,-8.834717,-3.7258234
1.904498,-8.817948,-3.641981
1.8541925,-8.504137,-3.5485566
1.952408,-8.753269,-3.7210324
1.9931315,-8.968864,-3.9462094
1.9308485,-8.84909,-3.809666
1.9548035,-8.767643,-3.7785244
1.890125,-8.712546,-3.7737336
1.9739676,-8.880231,-3.8647625
1.990736,-8.741292,-3.8120615
2.019482,-8.602353,-3.6539586
2.072183,-8.822739,-3.843203
2.024273,-8.798784,-3.78092
1.9116845,-8.789202,-3.6395855
1.86617,-8.722128,-3.795293
2.0218775,-8.777225,-3.814457
2.062601,-8.894604,-3.8120615
2.067392,-8.808366,-3.752174
2.0506234,-8.573607,-3.7401965
2.043437,-8.760456,-3.747383
1.990736,-8.834717,-3.8408074
1.856588,-8.609539,-3.7785244
1.9164755,-8.813157,-3.8599715
1.9643855,-8.889813,-3.9605825
1.957199,-8.734105,-3.7881064
1.952408,-8.767643,-3.838412
1.957199,-8.796389,-3.790502
1.9883405,-8.791597,-3.862367
1.9787585,-8.796389,-3.8408074
2.0218775,-8.693382,-3.713846
2.0458324,-8.736501,-3.6851
2.029064,-8.714941,-3.6970775
2.0027134,-8.719732,-3.785711
2.100929,-8.734105,-3.934232
2.1751895,-8.724524,-3.915068
2.0099,-8.796389,-3.776129
1.8398196,-8.906582,-3.661145
1.8062825,-8.882627,-3.6347945
1.851797,-8.765247,-3.526997
1.971572,-8.786806,-3.8024795
2.014691,-8.73171,-3.991724
1.995527,-8.599957,-3.82883
2.0099,-8.738896,-3.785711
1.9548035,-8.808366,-3.7162416
1.909289,-8.786806,-3.728219
1.9116845,-8.681404,-3.7928975
2.000318,-8.789202,-3.8264346
2.043437,-8.77962,-3.8072705
1.9308485,-8.798784,-3.718637
1.7583725,-8.714941,-3.713846
1.813469,-8.796389,-3.862367
1.966781,-8.97126,-4.001306
1.990736,-8.679009,-3.8312254
2.024273,-8.631099,-3.747383
2.0314596,-8.873045,-3.8743446
1.91408,-8.767643,-3.8551805
1.880543,-8.628703,-3.7497785
1.957199,-8.789202,-3.78092
1.96199,-8.932932,-3.824039
1.904498,-8.702964,-3.838412
1.9739676,-8.63589,-3.8839264
2.076974,-8.803575,-3.857576
2.0602055,-8.583189,-3.776129
1.9979225,-8.815553,-3.776129
1.952408,-8.956887,-3.737801
1.947617,-8.753269,-3.7497785
1.9260575,-8.451436,-3.7785244
1.971572,-8.765247,-3.910277
1.966781,-8.930536,-3.8695536
1.9595945,-8.885022,-3.709055
1.9548035,-8.760456,-3.982142
1.8494015,-8.700568,-3.8935084
1.8062825,-8.868254,-3.8168526
1.856588,-8.80118,-3.7545695
2.0099,-8.698173,-3.7258234
2.1560254,-8.808366,-3.7401965
2.1272795,-8.619122,-3.7354054
2.081765,-8.655054,-3.7545695
2.0122955,-8.702964,-3.819248
1.990736,-8.810761,-3.843203
1.9404305,-8.722128,-3.7210324
2.005109,-8.736501,-3.8647625
2.0075045,-8.966469,-4.073171
1.899707,-8.686195,-3.9653735
1.8829385,-8.633494,-3.867158
1.9548035,-8.930536,-3.7833154
2.029064,-8.961678,-3.7689426
2.0266685,-8.552048,-3.7162416
2.0218775,-8.489764,-3.752174
2.053019,-8.894604,-3.9174635
1.9979225,-8.839507,-3.8120615
1.971572,-8.544861,-3.6827044
2.0745785,-8.729315,-3.814457
1.9787585,-8.920955,-3.8360164
1.861379,-8.717337,-3.675518
1.8206555,-8.580793,-3.8312254
1.91408,-8.743688,-4.082753
1.9979225,-8.870649,-3.953396
2.029064,-8.810761,-3.9557915
1.9787585,-8.631099,-3.7689426
1.9260575,-8.743688,-3.752174
1.9548035,-9.047916,-3.886322
1.933244,-8.796389,-3.9845376
1.890125,-8.32208,-3.857576
2.029064,-8.516115,-3.8503895
2.0793695,-8.973656,-3.895904
2.0841606,-8.707755,-3.7689426
1.9787585,-8.592771,-3.795293
1.942826,-8.834717,-3.9462094
1.9691765,-8.932932,-3.900695
1.9835495,-8.710151,-3.766547
1.952408,-8.607144,-3.756965
1.96199,-8.738896,-3.92465
1.9739676,-8.796389,-3.9797466
1.923662,-8.729315,-3.8024795
2.0170865,-8.58798,-3.742592
2.1033244,-8.676614,-3.8024795
2.0362506,-8.652658,-3.9222546
1.9164755,-8.652658,-4.02047
1.880543,-8.755665,-4.073171
1.957199,-8.932932,-4.0276566
1.9691765,-8.75806,-3.881531
1.861379,-8.693382,-3.867158
1.842215,-8.66224,-3.910277
1.909289,-8.80597,-4.015679
1.9835495,-8.858671,-4.010888
2.091347,-8.607144,-4.0707755
2.1081154,-8.686195,-3.6827044
2.024273,-8.80597,-3.7928975
1.847006,-8.80597,-3.8216436
1.784723,-8.499347,-3.809666
1.861379,-8.573607,-4.006097
1.933244,-8.885022,-3.967769
2.000318,-8.741292,-3.7881064
2.0170865,-8.643077,-3.8264346
1.9835495,-8.643077,-3.800084
1.885334,-8.841903,-3.8935084
1.8446105,-8.920955,-4.025261
1.827842,-8.674218,-3.9030905
1.885334,-8.726919,-3.8455985
1.9212666,-8.861067,-3.905486
1.890125,-8.705359,-3.8264346
1.8589835,-8.49216,-3.809666
2.0170865,-8.774829,-3.943814
2.048228,-8.856276,-3.958187
2.0122955,-8.619122,-3.756965
1.9260575,-8.604749,-3.6970775
1.971572,-8.839507,-3.900695
1.9979225,-8.901791,-3.991724
1.952408,-8.63589,-3.7928975
1.880543,-8.702964,-3.8743446
1.91408,-8.810761,-3.9126725
1.9643855,-8.717337,-3.761756
2.0266685,-8.841903,-3.9462094
1.9643855,-8.643077,-3.9462094
1.8973114,-8.61433,-3.867158
1.942826,-8.851485,-3.9318366
1.9739676,-8.746083,-3.809666
1.990736,-8.724524,-3.82883
1.9548035,-8.947305,-3.919859
1.832633,-8.906582,-3.618026
1.803887,-9.335376,-3.632399
1.1355425,-9.804894,-3.297029
3.126203,-7.859748,-5.567963
2.4339035,-7.9387994,-3.641981
1.909289,-9.299443,-3.776129
1.823051,-9.129363,-3.277865
1.272086,-8.580793,-2.9400995
1.492472,-8.789202,-3.986933
1.779932,-8.822739,-4.2097144
1.9116845,-8.916163,-3.8935084
1.7535815,-8.920955,-3.5437655
1.621829,-8.798784,-3.402431
1.497263,-8.777225,-3.4144084
1.741604,-9.165296,-4.135454
2.076974,-8.9497,-4.288766
1.928453,-8.506533,-3.517415
1.7967005,-8.386758,-3.665936
1.593083,-8.853881,-3.622817
1.8685656,-8.813157,-5.237384
0.692375,-12.377661,1.493971
1.286459,-6.0415635,-0.623651
2.7453184,-10.782258,-3.3281705
1.4709125,-10.061213,-1.945967
2.062601,-8.880231,-1.375838
1.631411,-9.129363,-1.0572366
1.3415555,-9.613254,-1.1913846
1.348742,-10.566663,-1.303973
1.5763144,-9.955811,-0.709889
1.799096,-9.862386,-0.4344065
1.8110735,-9.797708,-0.5733455
1.5906875,-9.455151,-0.0559175
1.4852855,-9.71147,0.91426
1.4325845,-9.471919,1.733521
1.4373755,-9.517434,1.6880065
1.3032275,-9.862386,1.426897
1.5044495,-9.797708,2.126383
1.43498,-8.841903,3.2834096
1.128356,-7.96515,4.2895193
1.33916,-7.945986,4.7782016
1.24334,-8.288543,4.8404846
0.735494,-8.578398,4.953073
0.366587,-8.535279,4.8692303
0.591764,-8.693382,5.494456
0.160574,-7.232127,5.8034754
0.639674,-7.0620465,7.2311935
0.443243,-6.609297,6.0957265
0.424079,-7.6992493,6.869473
0.52469,-7.5219827,5.911273
0.443243,-7.0620465,7.0443444
0.4648025,-6.1661296,7.952239
0.0719405,-4.9348426,8.246885
-0.198751,-4.8629775,8.254072
0.4648025,-5.3660326,7.6863384
1.1978256,-6.6931396,8.263654
0.352214,-4.606659,8.474458
0.3306545,-2.0458696,9.046983
0.433661,-2.067429,9.382353
-0.2634295,-1.5332325,10.251919
0.0192395,-1.0637145,9.636275
-0.0909535,-1.444599,9.890199
-0.2921755,-3.0711434,9.70814
-0.28978,-2.8890855,9.332047
0.160574,-0.333087,8.955954
-0.2921755,-0.63492,11.102322
-0.9197965,-2.1895995,9.703349
-0.256243,-2.3333294,9.219459
-0.1867735,-2.5537155,9.552433
-0.045439,-2.618394,9.478172
-0.031066,-2.306979,9.849475
-0.1484455,-0.601383,9.847079
0.103082,-2.0219145,9.736886
-0.1340725,-2.5776706,9.712932
0.0575675,-0.8193735,9.720118
0.2827445,-1.4757406,9.748864
0.1390145,-3.207687,9.70814
0.3881465,-2.2854195,9.614716
0.28514,-1.8542295,9.648253
0.510317,-3.236433,9.497336
0.5989505,-3.2436194,9.423076
0.4695935,-2.426754,9.562015
0.553436,-2.5393424,9.617111
0.625301,-2.891481,9.492545
0.515108,-2.12013,9.753655
0.4695935,-2.4435225,9.590761
0.4887575,-3.859263,9.327256
0.242021,-3.1286354,9.439844
0.1965065,-1.717686,9.624298
0.2779535,-3.0950985,9.334442
0.4121015,-3.547848,7.961821
0.711539,-4.280871,10.144121
0.0767315,-2.9346,10.13454
-0.730552,-3.1334264,10.318993
0.007262,-2.5728796,8.70203
0.975044,-3.4735875,8.948767
-0.2682205,-2.398008,9.665022
0.769031,-3.8472855,8.908044
-0.0047155,-1.918908,10.330971
0.3114905,-1.8542295,9.379957
0.261185,-2.7166095,9.535665
0.1150595,-1.952445,9.679395
0.198902,-1.722477,9.768028
0.2923265,-2.426754,9.605134
0.3019085,-2.4770596,9.621902
0.3689825,-1.789551,9.693768
0.3258635,-2.096175,9.720118
0.361796,-1.9213035,9.732096
0.4408475,-1.7919465,9.676999
0.4025195,-1.770387,9.758446
0.3833555,-2.0937796,9.698559
0.2971175,-2.1943905,9.667417
0.313886,-1.698522,9.705745
0.2827445,-1.9500495,9.746469
0.3114905,-2.02431,9.669812
0.318677,-1.8542295,9.7297
0.304304,-1.68894,9.803961
0.2875355,-1.8206925,9.691372
0.357005,-2.26386,9.624298
0.3737735,-1.789551,9.770424
0.352214,-1.6098886,9.82552
0.275558,-1.890162,9.715327
0.2731625,-2.177622,9.60753
0.342632,-2.038683,9.684185
0.4743845,-1.5523965,9.818334
0.366587,-1.8302745,9.782401
0.28514,-1.8686025,9.688976
0.357005,-2.033892,9.631484
0.18932,-1.890162,9.724909
0.3881465,-1.7871555,9.9429
0.448034,-1.856625,9.609925
0.194111,-2.21595,9.667417
0.376169,-1.818297,9.423076
0.242021,-1.8446475,9.459008
0.198902,-2.0698245,10.187241
0.38096,-2.1081524,10.357321
0.404915,-1.1307884,9.569201
0.23723,-2.302188,9.37277
0.3689825,-2.445918,9.624298
0.467198,-1.708104,9.684185
0.2204615,-1.842252,9.768028
0.28514,-2.0362875,9.727304
0.342632,-2.0075414,9.688976
0.294722,-1.8398565,9.808751
0.208484,-1.8254834,9.775214
0.246812,-2.254278,9.660231
0.352214,-1.842252,9.736886
0.3402365,-1.679358,9.765633
0.3162815,-2.0650334,9.698559
0.3450275,-1.9500495,9.696163
0.3019085,-1.995564,9.645858
0.3498185,-2.129712,9.672208
0.3641915,-1.7871555,9.806356
0.313886,-1.727268,9.760841
0.270767,-1.904535,9.688976
0.3306545,-2.0698245,9.703349
0.318677,-1.7632005,9.770424
0.2875355,-1.7009175,9.770424
0.2779535,-2.005146,9.653044
0.323468,-2.067429,9.672208
0.318677,-1.966818,9.717723
0.313886,-1.9764,9.768028
0.33305,-1.818297,9.758446
0.304304,-1.981191,9.712932
0.342632,-1.9548405,9.734491
0.289931,-1.7967376,9.727304
0.313886,-1.8254834,9.727304
0.3450275,-1.957236,9.741677
0.289931,-1.8446475,9.763237
0.3019085,-1.962027,9.662626
0.3162815,-1.971609,9.720118
0.3354455,-1.9692135,9.746469
0.3114905,-1.9931685,9.724909
0.28514,-2.029101,9.643462
0.2683715,-1.9979595,9.724909
0.376169,-1.693731,9.796774
0.347423,-1.823088,9.717723
0.323468,-2.0841975,9.660231
0.3546095,-2.062638,9.741677
0.3066995,-1.7057085,9.806356
0.2779535,-1.933281,9.715327
0.270767,-2.177622,9.631484
0.313886,-2.0075414,9.77761
0.3689825,-1.712895,9.780005
0.294722,-1.88058,9.712932
0.3066995,-2.07222,9.650648
0.357005,-1.9260945,9.784797
0.357005,-1.8302745,9.784797
0.280349,-1.9787955,9.710536
0.2827445,-1.938072,9.712932
0.318677,-1.966818,9.672208
0.3546095,-1.981191,9.727304
0.371378,-1.6530075,9.803961
0.33305,-1.803924,9.753655
0.28514,-1.9356765,9.705745
0.313886,-1.942863,9.727304
0.357005,-1.870998,9.775214
0.3066995,-1.8829755,9.770424
0.275558,-1.885371,9.722513
0.2827445,-1.8781846,9.696163
0.265976,-1.947654,9.7297
0.3114905,-1.856625,9.734491
0.357005,-1.813506,9.787192
0.3450275,-1.794342,9.75126
0.357005,-1.9740045,9.700954
0.347423,-1.8015285,9.796774
0.299513,-1.842252,9.748864
0.2731625,-1.942863,9.698559
0.289931,-1.8542295,9.772819
0.3641915,-1.7775735,9.768028
0.3114905,-1.894953,9.688976
0.3402365,-1.904535,9.748864
0.3354455,-1.8063195,9.772819
0.3306545,-1.88058,9.748864
0.2779535,-2.043474,9.746469
0.33305,-1.856625,9.760841
0.357005,-1.8829755,9.722513
0.318677,-2.067429,9.684185
0.3498185,-1.8350655,9.77761
0.3833555,-1.78476,9.784797
0.352214,-2.0698245,9.669812
0.318677,-2.0746155,9.712932
0.3737735,-1.660194,9.77761
0.337841,-1.933281,9.739282
0.313886,-1.9740045,9.703349
0.3258635,-2.0123324,9.763237
0.3737735,-1.83267,9.775214
0.2779535,-1.851834,9.748864
0.337841,-1.942863,9.684185
0.347423,-2.0314965,9.70814
0.658838,-1.559583,8.687657
0.203693,-2.8986676,10.280665
0.3881465,-1.612284,10.136935
-0.237079,-1.4230396,9.964459
-0.0047155,-1.669776,10.045906
0.1390145,-1.7248725,9.789588
0.409706,-1.756014,9.339233
0.543854,-2.465082,9.576388
0.2827445,-1.7823645,9.780005
0.294722,-1.9452585,9.722513
0.3546095,-2.005146,9.75605
0.3737735,-1.7057085,9.811147
0.275558,-1.8015285,9.803961
0.265976,-1.8638115,9.75605
0.265976,-1.9883775,9.660231
0.313886,-1.9021395,9.765633
0.3354455,-1.7584095,9.780005
0.318677,-1.842252,9.760841
0.304304,-1.894953,9.734491
0.2635805,-1.899744,9.75605
0.304304,-1.8398565,9.746469
0.280349,-1.870998,9.765633
0.299513,-1.957236,9.727304
0.323468,-1.966818,9.753655
0.3306545,-1.693731,9.772819
0.313886,-1.827879,9.741677
0.337841,-1.904535,9.746469
0.347423,-1.8063195,9.796774
0.323468,-1.746432,9.801565
0.2971175,-1.861416,9.734491
0.33305,-1.923699,9.703349
0.342632,-1.870998,9.760841
0.3210725,-1.851834,9.789588
0.3162815,-1.847043,9.758446
0.2923265,-1.842252,9.724909
0.313886,-1.890162,9.748864
0.3737735,-1.8254834,9.772819
0.357005,-1.794342,9.775214
0.2587895,-1.8877665,9.739282
0.28514,-1.8733935,9.780005
0.337841,-1.779969,9.768028
0.4073105,-1.952445,9.68179
0.347423,-1.9692135,9.734491
0.385751,-1.7727824,9.768028
0.3402365,-1.8542295,9.789588
0.28514,-1.904535,9.724909
0.2827445,-1.92849,9.732096
0.304304,-1.779969,9.780005
0.318677,-1.9069304,9.705745
0.357005,-1.957236,9.789588
0.3354455,-1.779969,9.784797
0.2396255,-1.8925575,9.724909
0.28514,-1.9740045,9.703349
0.3402365,-1.8494385,9.720118
0.361796,-1.8398565,9.722513
0.3737735,-1.8111105,9.791983
0.357005,-1.717686,9.79917
0.3306545,-1.870998,9.727304
0.2875355,-2.0123324,9.748864
0.3594005,-1.7536185,9.765633
0.323468,-1.837461,9.775214
0.318677,-2.033892,9.703349
0.38096,-1.9213035,9.782401
0.3498185,-1.669776,9.806356
0.289931,-1.8590205,9.768028
0.3114905,-1.971609,9.703349
0.3162815,-1.861416,9.782401
0.3258635,-1.799133,9.765633
0.313886,-1.9548405,9.732096
0.3450275,-1.8494385,9.70814
0.352214,-1.914117,9.760841
0.433661,-1.7344545,9.768028
0.3450275,-1.7440366,9.775214
0.534272,-1.564374,8.718799
0.4312655,-2.776497,10.0626745
0.246812,-1.5380235,10.141726
-0.217915,-1.8302745,9.952481
-0.222706,-2.0506606,9.986018
0.0527765,-2.0410786,10.048302
0.18932,-1.8446475,9.909363
0.390542,-1.367943,9.89978
-0.2538475,-1.425435,9.396726
1.0636775,-2.699841,9.286532
0.170156,-1.765596,9.861452
