Accelerometer: (0.6276965,-0.797814,9.995601)
Accelerometer: (0.76424,-0.5175405,9.928527)
Accelerometer: (0.792986,-0.797814,9.835102)
Accelerometer: (0.678002,-1.0828785,9.79917)
Accelerometer: (0.625301,-0.931962,9.832706)
Accelerometer: (0.6947705,-1.0301775,9.859057)
Accelerometer: (0.591764,-0.745113,9.904572)
Accelerometer: (0.563018,-0.2252895,9.938108)
Accelerometer: (0.730703,-1.2793095,9.791983)
Accelerometer: (0.6372785,-0.639711,9.883012)
Accelerometer: (0.701957,-0.9104025,9.808751)
Accelerometer: (0.773822,-0.9247755,9.789588)
Accelerometer: (0.721121,-0.361833,9.986018)
Accelerometer: (0.7283075,-0.6804345,9.897385)
Accelerometer: (0.692375,-0.9487305,9.844684)
Accelerometer: (0.735494,-0.9056115,9.851871)
Accelerometer: (0.745076,-1.0972515,9.727304)
Accelerometer: (0.7522625,-0.615756,9.988414)
Accelerometer: (0.706748,-0.1677975,10.048302)
Accelerometer: (0.6803975,-0.7235535,9.904572)
Accelerometer: (0.7283075,-1.0876695,9.789588)
Accelerometer: (0.730703,-1.626657,9.715327)
Accelerometer: (0.6851885,-1.2745185,9.89499)
Accelerometer: (0.864851,-1.0828785,9.772819)
Accelerometer: (0.9295295,-1.5092775,9.645858)
Accelerometer: (0.8289185,-1.4757406,9.787192)
Accelerometer: (0.778613,-1.0205956,9.856662)
Accelerometer: (0.792986,-1.1643255,9.847079)
Accelerometer: (0.7810085,-1.9260945,9.645858)
Accelerometer: (0.773822,-2.2566736,9.562015)
Accelerometer: (0.788195,-1.406271,9.827915)
Accelerometer: (0.874433,-0.6756435,10.029138)
Accelerometer: (0.917552,-1.478136,9.698559)
Accelerometer: (0.9199475,-2.2087636,9.53806)
Accelerometer: (0.9534845,-2.584857,9.454218)
Accelerometer: (0.975044,-2.618394,9.562015)
Accelerometer: (0.7474715,-2.1704354,9.684185)
Accelerometer: (0.807359,-1.92849,9.571597)
Accelerometer: (0.8097545,-2.2470915,9.712932)
Accelerometer: (0.673211,-2.1177344,9.0948925)
Accelerometer: (0.9199475,-2.1656444,8.89367)
Accelerometer: (1.602665,-2.9465775,9.648253)
Accelerometer: (1.9404305,-2.5824616,9.140407)
Accelerometer: (1.267295,-3.0998895,9.324861)
Accelerometer: (0.682793,-3.7179284,9.851871)
Accelerometer: (0.5079215,-3.9478965,9.49015)
Accelerometer: (0.47678,-3.84489,9.336838)
Accelerometer: (0.495944,-3.2292466,8.922417)
Accelerometer: (1.022954,-3.3777676,8.850552)
Accelerometer: (1.8494015,-5.449875,7.7390394)
Accelerometer: (1.751186,-10.166615,6.237061)
Accelerometer: (1.511636,-5.4091516,8.117529)
Accelerometer: (1.7296265,-4.7479935,8.280422)
Accelerometer: (1.0780505,-5.1073184,8.086387)
Accelerometer: (1.0493045,-5.603187,7.6336374)
Accelerometer: (1.2313625,-7.4405355,7.434811)
Accelerometer: (1.751186,-8.245423,5.8130574)
Accelerometer: (1.4565395,-7.8669343,6.3736043)
Accelerometer: (1.6098515,-6.9518533,6.524521)
Accelerometer: (1.305623,-8.631099,7.688734)
Accelerometer: (1.487681,-2.421963,10.067466)
Accelerometer: (2.029064,-2.5920434,8.364265)
Accelerometer: (1.4038385,-7.7232046,6.4550514)
Accelerometer: (1.7439995,-7.2297316,5.3243756)
Accelerometer: (0.730703,-8.959283,4.5099053)
Accelerometer: (0.6708155,-8.932932,4.679986)
Accelerometer: (1.1738704,-5.790036,4.9650507)
Accelerometer: (1.966781,-8.782016,4.4188766)
Accelerometer: (1.9883405,-9.661164,3.45349)
Accelerometer: (1.4086295,-9.68991,3.7193904)
Accelerometer: (0.6612335,-6.455985,3.9972684)
Accelerometer: (1.142729,-10.624155,2.265322)
Accelerometer: (1.343951,-10.145055,0.9933115)
Accelerometer: (1.286459,-8.288543,1.3813825)
Accelerometer: (1.315205,-11.338014,0.7202245)
Accelerometer: (0.701957,-7.6848764,0.5717035)
Accelerometer: (1.1499155,-11.666198,-0.3577505)
Accelerometer: (1.4325845,-9.723447,-0.748217)
Accelerometer: (1.4469575,-9.112595,-0.9182975)
Accelerometer: (0.740285,-9.170087,-0.705098)
Accelerometer: (0.4695935,-10.176196,-1.945967)
Accelerometer: (0.7666355,-11.088882,-2.9065626)
Accelerometer: (0.8193365,-8.894604,-2.4514174)
Accelerometer: (1.2409445,-9.301839,-2.6382666)
Accelerometer: (0.3594005,-10.104332,-2.7245045)
Accelerometer: (-0.514957,-8.592771,-1.9531535)
Accelerometer: (0.6995615,-10.69602,-3.886322)
Accelerometer: (1.660157,-8.403526,-3.843203)
Accelerometer: (1.4469575,-9.543784,-3.0359194)
Accelerometer: (0.840896,-9.790521,-2.1543756)
Accelerometer: (0.4983395,-9.565344,-2.8394885)
Accelerometer: (0.4264745,-8.880231,-3.5773025)
Accelerometer: (0.2971175,-8.980842,-3.416804)
Accelerometer: (0.18932,-8.99761,-3.320984)
Accelerometer: (1.2169895,-8.111276,-4.2719975)
Accelerometer: (0.6899795,-9.347354,-4.2384605)
Accelerometer: (0.23723,-8.437063,-3.330566)
Accelerometer: (0.9247385,-9.816872,-3.9366274)
Accelerometer: (0.9103655,-8.911372,-4.010888)
Accelerometer: (0.6468605,-8.80118,-4.216901)
Accelerometer: (0.7235165,-8.930536,-4.0899396)
Accelerometer: (0.491153,-8.4706,-3.5581386)
Accelerometer: (0.903179,-9.215601,-4.878059)
Accelerometer: (1.142729,-8.355617,-4.614554)
Accelerometer: (1.00379,-8.58798,-4.571435)
Accelerometer: (0.467198,-9.038334,-4.2384605)
Accelerometer: (0.256394,-8.374781,-4.106708)
Accelerometer: (0.864851,-9.064685,-5.2206154)
Accelerometer: (1.0540955,-8.686195,-5.0002294)
Accelerometer: (0.486362,-8.120857,-4.3534446)
Accelerometer: (0.941507,-8.906582,-4.696001)
Accelerometer: (0.3066995,-8.4706,-4.346258)
Accelerometer: (0.385751,-8.10888,-4.322303)
Accelerometer: (0.687584,-8.674218,-4.7463064)
Accelerometer: (0.3498185,-8.868254,-5.0720944)
Accelerometer: (0.4887575,-8.609539,-4.489988)
Accelerometer: (0.3210725,-8.552048,-4.4348917)
Accelerometer: (0.203693,-8.599957,-5.0337663)
Accelerometer: (0.457616,-8.544861,-4.8421264)
Accelerometer: (0.86006,-7.974732,-5.4649563)
Accelerometer: (0.7426805,-8.288543,-5.1152134)
Accelerometer: (0.6324875,-8.393945,-4.542689)
Accelerometer: (0.6181145,-8.549652,-4.6936054)
Accelerometer: (0.7330985,-8.652658,-4.906805)
Accelerometer: (0.6899795,-8.415504,-4.5882034)
Accelerometer: (0.5127125,-8.42269,-4.7894254)
Accelerometer: (0.505526,-8.621517,-4.983461)
Accelerometer: (0.701957,-8.475391,-4.949924)
Accelerometer: (0.8001725,-8.427482,-4.7319336)
Accelerometer: (0.4791755,-8.532884,-4.8900366)
Accelerometer: (0.5510405,-8.437063,-5.0912585)
Accelerometer: (0.62051,-8.46581,-4.921178)
Accelerometer: (0.630092,-8.372385,-4.8373356)
Accelerometer: (0.606137,-8.401131,-4.887641)
Accelerometer: (0.6229055,-8.358012,-4.916387)
Accelerometer: (0.7330985,-8.384362,-4.897223)
Accelerometer: (0.682793,-8.4706,-4.8900366)
Accelerometer: (0.6085325,-8.346034,-4.7990074)
Accelerometer: (0.543854,-8.343639,-4.9092007)
Accelerometer: (0.601346,-8.535279,-5.0241847)
Accelerometer: (0.519899,-8.49216,-4.844522)
Accelerometer: (0.4695935,-8.420295,-4.806194)
Accelerometer: (0.5845775,-8.398735,-4.7558885)
Accelerometer: (0.678002,-8.379572,-4.820567)
Accelerometer: (0.5893685,-8.374781,-4.97867)
Accelerometer: (0.5893685,-8.27896,-4.9235735)
Accelerometer: (0.5175035,-8.4706,-5.07449)
Accelerometer: (0.5462495,-8.456227,-5.036162)
Accelerometer: (0.5749955,-8.398735,-4.9427376)
Accelerometer: (0.42887,-8.259796,-4.993043)
Accelerometer: (0.4648025,-8.372385,-5.1295867)
Accelerometer: (0.582182,-8.458623,-5.036162)
Accelerometer: (0.481571,-8.255006,-5.0625124)
Accelerometer: (0.328259,-8.044202,-5.031371)
Accelerometer: (0.481571,-8.211886,-5.0050206)
Accelerometer: (0.7330985,-8.705359,-5.093654)
Accelerometer: (0.7283075,-8.655054,-5.385905)
Accelerometer: (0.6420695,-8.257401,-5.304458)
Accelerometer: (0.654047,-8.111276,-5.07449)
Accelerometer: (0.5079215,-8.185536,-4.9427376)
Accelerometer: (0.3162815,-8.350825,-5.1104226)
Accelerometer: (0.414497,-8.377176,-5.151146)
Accelerometer: (0.5726,-8.391549,-5.088863)
Accelerometer: (0.5270855,-8.338848,-5.0673037)
Accelerometer: (0.438452,-8.429877,-5.1295867)
Accelerometer: (0.4648025,-8.367594,-5.1104226)
Accelerometer: (0.582182,-8.362803,-5.064908)
Accelerometer: (0.6564425,-8.259796,-4.9906473)
Accelerometer: (0.5654135,-8.310102,-4.9714837)
Accelerometer: (0.563018,-8.39634,-5.012207)
Accelerometer: (0.4935485,-8.350825,-4.8900366)
Accelerometer: (0.471989,-8.343639,-4.945133)
Accelerometer: (0.5941595,-8.458623,-5.103236)
Accelerometer: (0.5749955,-8.305311,-5.0720944)
Accelerometer: (0.5031305,-8.276565,-4.973879)
Accelerometer: (0.500735,-8.429877,-5.1870785)
Accelerometer: (0.385751,-8.377176,-4.97867)
Accelerometer: (0.481571,-8.255006,-5.036162)
Accelerometer: (0.529481,-8.350825,-5.0337663)
Accelerometer: (0.5797865,-8.427482,-5.016998)
Accelerometer: (0.5702045,-8.374781,-4.988252)
Accelerometer: (0.4743845,-8.338848,-4.9858565)
Accelerometer: (0.419288,-8.338848,-5.036162)
Accelerometer: (0.4648025,-8.410713,-5.0241847)
Accelerometer: (0.4791755,-8.338848,-4.9427376)
Accelerometer: (0.491153,-8.314893,-5.0481396)
Accelerometer: (0.548645,-8.334057,-5.0960493)
Accelerometer: (0.6468605,-8.434668,-5.0385575)
Accelerometer: (0.491153,-8.324475,-4.988252)
Accelerometer: (0.452825,-8.30052,-5.1104226)
Accelerometer: (0.4935485,-8.355617,-5.007416)
Accelerometer: (0.510317,-8.377176,-4.940342)
Accelerometer: (0.481571,-8.391549,-5.098445)
Accelerometer: (0.5558315,-8.281356,-5.136773)
Accelerometer: (0.601346,-8.288543,-5.1295867)
Accelerometer: (0.5079215,-8.326871,-5.0816765)
Accelerometer: (0.4600115,-8.398735,-5.1583323)
Accelerometer: (0.5031305,-8.329266,-5.160728)
Accelerometer: (0.4504295,-8.341244,-5.1008406)
Accelerometer: (0.42887,-8.326871,-4.993043)
Accelerometer: (0.4504295,-8.290938,-4.945133)
Accelerometer: (0.4887575,-8.314893,-5.127191)
Accelerometer: (0.654047,-8.434668,-5.208638)
Accelerometer: (0.711539,-8.3891535,-5.0481396)
Accelerometer: (0.5510405,-8.259796,-5.0337663)
Accelerometer: (0.462407,-8.329266,-5.151146)
Accelerometer: (0.505526,-8.307707,-5.108027)
Accelerometer: (0.5222945,-8.293333,-4.935551)
Accelerometer: (0.5462495,-8.293333,-5.0385575)
Accelerometer: (0.4743845,-8.298124,-5.1295867)
Accelerometer: (0.4743845,-8.324475,-5.184683)
Accelerometer: (0.424079,-8.3891535,-5.040953)
Accelerometer: (0.294722,-8.34843,-5.0146027)
Accelerometer: (0.4216835,-8.381967,-5.1966605)
Accelerometer: (0.495944,-8.358012,-5.079281)
Accelerometer: (0.467198,-8.362803,-5.021789)
Accelerometer: (0.424079,-8.310102,-5.021789)
Accelerometer: (0.519899,-8.362803,-5.040953)
Accelerometer: (0.534272,-8.317288,-4.9619017)
Accelerometer: (0.5175035,-8.286147,-4.997834)
Accelerometer: (0.586973,-8.353221,-5.1439595)
Accelerometer: (0.6085325,-8.293333,-5.084072)
Accelerometer: (0.634883,-8.324475,-5.0481396)
Accelerometer: (0.4887575,-8.276565,-5.0481396)
Accelerometer: (0.5127125,-8.305311,-5.232593)
Accelerometer: (0.4839665,-8.355617,-5.17031)
Accelerometer: (0.424079,-8.353221,-5.084072)
Accelerometer: (0.404915,-8.338848,-5.1200047)
Accelerometer: (0.534272,-8.30052,-5.2254066)
Accelerometer: (0.548645,-8.27417,-5.0720944)
Accelerometer: (0.4791755,-8.27417,-5.1104226)
Accelerometer: (0.443243,-8.307707,-5.2062426)
Accelerometer: (0.539063,-8.384362,-5.127191)
Accelerometer: (0.6085325,-8.295729,-5.117609)
Accelerometer: (0.539063,-8.30052,-5.0385575)
Accelerometer: (0.4360565,-8.312497,-5.1056314)
Accelerometer: (0.5031305,-8.324475,-5.1391683)
Accelerometer: (0.5845775,-8.324475,-5.050535)
Accelerometer: (0.5318765,-8.3364525,-5.036162)
Accelerometer: (0.5270855,-8.317288,-5.199056)
Accelerometer: (0.5031305,-8.290938,-5.1008406)
Accelerometer: (0.419288,-8.288543,-5.050535)
Accelerometer: (0.4360565,-8.353221,-5.151146)
Accelerometer: (0.510317,-8.329266,-5.1391683)
Accelerometer: (0.481571,-8.247819,-5.1008406)
Accelerometer: (0.404915,-8.192722,-5.0816765)
Accelerometer: (0.4743845,-8.30052,-5.2110333)
Accelerometer: (0.5462495,-8.269379,-5.1966605)
Accelerometer: (0.5893685,-8.350825,-5.1343775)
Accelerometer: (0.5031305,-8.326871,-5.0002294)
Accelerometer: (0.4552205,-8.3364525,-5.112818)
Accelerometer: (0.577391,-8.298124,-5.285294)
Accelerometer: (0.6947705,-8.305311,-5.2301974)
Accelerometer: (0.634883,-8.233446,-5.1295867)
Accelerometer: (0.52469,-8.250215,-5.2301974)
Accelerometer: (0.5127125,-8.2310505,-5.2014513)
Accelerometer: (0.539063,-8.262192,-5.1343775)
Accelerometer: (0.438452,-8.298124,-5.1056314)
Accelerometer: (0.3641915,-8.307707,-5.1152134)
Accelerometer: (0.3785645,-8.288543,-5.1008406)
Accelerometer: (0.4552205,-8.310102,-5.213429)
Accelerometer: (0.4312655,-8.312497,-5.2445707)
Accelerometer: (0.3881465,-8.334057,-5.1247954)
Accelerometer: (0.452825,-8.269379,-5.2397795)
Accelerometer: (0.491153,-8.233446,-5.131982)
Accelerometer: (0.543854,-8.245423,-5.1774964)
Accelerometer: (0.5366675,-8.240632,-5.203847)
Accelerometer: (0.510317,-8.207095,-5.127191)
Accelerometer: (0.510317,-8.25261,-5.146355)
Accelerometer: (0.548645,-8.353221,-5.1583323)
Accelerometer: (0.5175035,-8.235842,-5.1200047)
Accelerometer: (0.4600115,-8.240632,-5.2110333)
Accelerometer: (0.486362,-8.269379,-5.2685256)
Accelerometer: (0.515108,-8.310102,-5.270921)
Accelerometer: (0.5222945,-8.281356,-5.2733164)
Accelerometer: (0.424079,-8.199909,-5.151146)
Accelerometer: (0.481571,-8.295729,-5.290085)
Accelerometer: (0.4791755,-8.27417,-5.2397795)
Accelerometer: (0.4025195,-8.175954,-5.160728)
Accelerometer: (0.433661,-8.27896,-5.2301974)
Accelerometer: (0.52469,-8.302916,-5.155937)
Accelerometer: (0.563018,-8.207095,-5.108027)
Accelerometer: (0.4935485,-8.219073,-5.1200047)
Accelerometer: (0.4791755,-8.281356,-5.2110333)
Accelerometer: (0.586973,-8.286147,-5.199056)
Accelerometer: (0.553436,-8.223864,-5.1774964)
Accelerometer: (0.591764,-8.211886,-5.26613)
Accelerometer: (0.529481,-8.30052,-5.2206154)
Accelerometer: (0.6133235,-8.223864,-5.261339)
Accelerometer: (0.591764,-8.190327,-5.2972717)
Accelerometer: (0.47678,-8.2047,-5.2158246)
Accelerometer: (0.438452,-8.250215,-5.246966)
Accelerometer: (0.4360565,-8.286147,-5.2781076)
Accelerometer: (0.4504295,-8.27896,-5.227802)
Accelerometer: (0.4504295,-8.175954,-5.318831)
Accelerometer: (0.4312655,-8.2047,-5.2637343)
Accelerometer: (0.4887575,-8.240632,-5.309249)
Accelerometer: (0.5031305,-8.247819,-5.208638)
Accelerometer: (0.563018,-8.250215,-5.2062426)
Accelerometer: (0.5270855,-8.255006,-5.333204)
Accelerometer: (0.4983395,-8.163977,-5.2876897)
Accelerometer: (0.4935485,-8.214282,-5.151146)
Accelerometer: (0.543854,-8.243028,-5.256548)
Accelerometer: (0.567809,-8.257401,-5.1966605)
Accelerometer: (0.5079215,-8.238237,-5.1966605)
Accelerometer: (0.4360565,-8.211886,-5.223011)
Accelerometer: (0.309095,-8.247819,-5.1966605)
Accelerometer: (0.342632,-8.259796,-5.2972717)
Accelerometer: (0.433661,-8.259796,-5.1966605)
Accelerometer: (0.505526,-8.25261,-5.1918697)
Accelerometer: (0.625301,-8.281356,-5.3355994)
Accelerometer: (0.625301,-8.211886,-5.2014513)
Accelerometer: (0.5270855,-8.175954,-5.103236)
Accelerometer: (0.419288,-8.219073,-5.2062426)
Accelerometer: (0.4360565,-8.209491,-5.3308086)
Accelerometer: (0.5270855,-8.243028,-5.318831)
Accelerometer: (0.481571,-8.2310505,-5.1391683)
Accelerometer: (0.419288,-8.310102,-5.141564)
Accelerometer: (0.467198,-8.3364525,-5.2781076)
Accelerometer: (0.529481,-8.245423,-5.2589436)
Accelerometer: (0.553436,-8.13044,-5.165519)
Accelerometer: (0.505526,-8.2310505,-5.256548)
Accelerometer: (0.500735,-8.221469,-5.2781076)
Accelerometer: (0.5222945,-8.233446,-5.1439595)
Accelerometer: (0.5318765,-8.221469,-5.141564)
Accelerometer: (0.486362,-8.240632,-5.213429)
Accelerometer: (0.4360565,-8.214282,-5.275712)
Accelerometer: (0.414497,-8.25261,-5.256548)
Accelerometer: (0.4887575,-8.255006,-5.2445707)
Accelerometer: (0.500735,-8.233446,-5.2301974)
Accelerometer: (0.4073105,-8.183141,-5.304458)
Accelerometer: (0.462407,-8.255006,-5.3451815)
Accelerometer: (0.519899,-8.221469,-5.2397795)
Accelerometer: (0.534272,-8.243028,-5.275712)
Accelerometer: (0.4935485,-8.192722,-5.242175)
Accelerometer: (0.414497,-8.209491,-5.2589436)
Accelerometer: (0.376169,-8.338848,-5.2637343)
Accelerometer: (0.3881465,-8.295729,-5.2828984)
Accelerometer: (0.47678,-8.288543,-5.227802)
Accelerometer: (0.5941595,-8.2047,-5.1583323)
Accelerometer: (0.5606225,-8.111276,-5.1247954)
Accelerometer: (0.577391,-8.175954,-5.304458)
Accelerometer: (0.6037415,-8.144813,-5.2541523)
Accelerometer: (0.625301,-8.175954,-5.2110333)
Accelerometer: (0.539063,-8.247819,-5.189474)
Accelerometer: (0.47678,-8.343639,-5.21822)
Accelerometer: (0.4264745,-8.266983,-5.1918697)
Accelerometer: (0.409706,-8.2310505,-5.165519)
Accelerometer: (0.467198,-8.27417,-5.2589436)
Accelerometer: (0.457616,-8.27896,-5.246966)
Accelerometer: (0.419288,-8.245423,-5.203847)
Accelerometer: (0.452825,-8.233446,-5.261339)
Accelerometer: (0.500735,-8.2047,-5.2110333)
Accelerometer: (0.5414585,-8.192722,-5.2733164)
Accelerometer: (0.539063,-8.166372,-5.3451815)
Accelerometer: (0.47678,-8.207095,-5.304458)
Accelerometer: (0.491153,-8.255006,-5.227802)
Accelerometer: (0.5414585,-8.223864,-5.2062426)
Accelerometer: (0.563018,-8.207095,-5.2876897)
Accelerometer: (0.548645,-8.2310505,-5.337995)
Accelerometer: (0.4935485,-8.221469,-5.280503)
Accelerometer: (0.42887,-8.207095,-5.270921)
Accelerometer: (0.5270855,-8.207095,-5.3930917)
Accelerometer: (0.5510405,-8.216678,-5.299667)
Accelerometer: (0.443243,-8.142417,-5.237384)
Accelerometer: (0.404915,-8.171163,-5.2828984)
Accelerometer: (0.539063,-8.276565,-5.352368)
Accelerometer: (0.5654135,-8.259796,-5.208638)
Accelerometer: (0.495944,-8.233446,-5.1918697)
Accelerometer: (0.5127125,-8.199909,-5.285294)
Accelerometer: (0.510317,-8.219073,-5.3260174)
Accelerometer: (0.47678,-8.238237,-5.232593)
Accelerometer: (0.4600115,-8.214282,-5.290085)
Accelerometer: (0.47678,-8.187931,-5.3116446)
Accelerometer: (0.4743845,-8.226259,-5.3068533)
Accelerometer: (0.495944,-8.240632,-5.275712)
Accelerometer: (0.5318765,-8.142417,-5.2685256)
Accelerometer: (0.5318765,-8.163977,-5.3595543)
Accelerometer: (0.500735,-8.173558,-5.328413)
Accelerometer: (0.452825,-8.207095,-5.194265)
Accelerometer: (0.47678,-8.305311,-5.246966)
Accelerometer: (0.5079215,-8.192722,-5.3020625)
Accelerometer: (0.586973,-8.219073,-5.290085)
Accelerometer: (0.515108,-8.255006,-5.208638)
Accelerometer: (0.419288,-8.245423,-5.098445)
Accelerometer: (0.4025195,-8.247819,-5.270921)
Accelerometer: (0.471989,-8.245423,-5.261339)
Accelerometer: (0.4935485,-8.209491,-5.21822)
Accelerometer: (0.443243,-8.207095,-5.1966605)
Accelerometer: (0.510317,-8.235842,-5.189474)
Accelerometer: (0.5893685,-8.331661,-5.237384)
Accelerometer: (0.5175035,-8.262192,-5.208638)
Accelerometer: (0.4216835,-8.190327,-5.1966605)
Accelerometer: (0.409706,-8.187931,-5.2876897)
Accelerometer: (0.457616,-8.2837515,-5.294876)
Accelerometer: (0.539063,-8.2837515,-5.2254066)
Accelerometer: (0.539063,-8.238237,-5.1391683)
Accelerometer: (0.4791755,-8.190327,-5.2206154)
Accelerometer: (0.491153,-8.255006,-5.280503)
Accelerometer: (0.5175035,-8.202305,-5.280503)
Accelerometer: (0.495944,-8.187931,-5.2206154)
Accelerometer: (0.519899,-8.192722,-5.2828984)
Accelerometer: (0.5702045,-8.255006,-5.290085)
Accelerometer: (0.5222945,-8.144813,-5.2685256)
Accelerometer: (0.4839665,-8.207095,-5.26613)
Accelerometer: (0.467198,-8.290938,-5.2781076)
Accelerometer: (0.4695935,-8.223864,-5.256548)
Accelerometer: (0.42887,-8.154394,-5.2589436)
Accelerometer: (0.4839665,-8.207095,-5.36195)
Accelerometer: (0.486362,-8.257401,-5.2828984)
Accelerometer: (0.505526,-8.226259,-5.256548)
Accelerometer: (0.529481,-8.216678,-5.323622)
Accelerometer: (0.4791755,-8.1783495,-5.280503)
Accelerometer: (0.42887,-8.255006,-5.246966)
Accelerometer: (0.404915,-8.214282,-5.2828984)
Accelerometer: (0.481571,-8.259796,-5.275712)
Accelerometer: (0.5558315,-8.257401,-5.2541523)
Accelerometer: (0.5702045,-8.159185,-5.2733164)
Accelerometer: (0.567809,-8.099298,-5.26613)
Accelerometer: (0.515108,-8.180745,-5.318831)
Accelerometer: (0.5414585,-8.255006,-5.227802)
Accelerometer: (0.5462495,-8.216678,-5.17031)
Accelerometer: (0.5941595,-8.197514,-5.242175)
Accelerometer: (0.553436,-8.168768,-5.3547635)
Accelerometer: (0.471989,-8.132835,-5.3739276)
Accelerometer: (0.424079,-8.111276,-5.3403907)
Accelerometer: (0.491153,-8.209491,-5.357159)
Accelerometer: (0.519899,-8.2837515,-5.31404)
Accelerometer: (0.4504295,-8.163977,-5.261339)
Accelerometer: (0.4456385,-8.199909,-5.381114)
Accelerometer: (0.486362,-8.226259,-5.3883004)
Accelerometer: (0.481571,-8.197514,-5.237384)
Accelerometer: (0.462407,-8.199909,-5.208638)
Accelerometer: (0.491153,-8.190327,-5.270921)
Accelerometer: (0.438452,-8.221469,-5.3212266)
Accelerometer: (0.4648025,-8.202305,-5.3499727)
Accelerometer: (0.5031305,-8.15679,-5.333204)
Accelerometer: (0.5941595,-8.147208,-5.3068533)
Accelerometer: (0.658838,-8.142417,-5.337995)
Accelerometer: (0.5270855,-8.123253,-5.31404)
Accelerometer: (0.409706,-8.250215,-5.3643456)
Accelerometer: (0.4312655,-8.257401,-5.328413)
Accelerometer: (0.495944,-8.211886,-5.2493615)
Accelerometer: (0.424079,-8.173558,-5.3020625)
Accelerometer: (0.452825,-8.235842,-5.3978825)
Accelerometer: (0.4791755,-8.216678,-5.294876)
Accelerometer: (0.5175035,-8.235842,-5.2301974)
Accelerometer: (0.5558315,-8.235842,-5.2445707)
Accelerometer: (0.471989,-8.209491,-5.337995)
Accelerometer: (0.4264745,-8.209491,-5.227802)
Accelerometer: (0.47678,-8.161581,-5.227802)
Accelerometer: (0.5031305,-8.140021,-5.232593)
Accelerometer: (0.5414585,-8.202305,-5.2254066)
Accelerometer: (0.5462495,-8.25261,-5.213429)
Accelerometer: (0.481571,-8.209491,-5.270921)
Accelerometer: (0.4360565,-8.185536,-5.3547635)
Accelerometer: (0.4456385,-8.269379,-5.309249)
Accelerometer: (0.4073105,-8.223864,-5.1727057)
Accelerometer: (0.3881465,-8.223864,-5.2062426)
Accelerometer: (0.4456385,-8.209491,-5.2876897)
Accelerometer: (0.4648025,-8.190327,-5.290085)
Accelerometer: (0.4600115,-8.245423,-5.2972717)
Accelerometer: (0.371378,-8.240632,-5.2062426)
Accelerometer: (0.404915,-8.243028,-5.2828984)
Accelerometer: (0.500735,-8.245423,-5.3068533)
Accelerometer: (0.5606225,-8.190327,-5.26613)
Accelerometer: (0.515108,-8.154394,-5.261339)
Accelerometer: (0.471989,-8.13044,-5.270921)
Accelerometer: (0.457616,-8.223864,-5.275712)
Accelerometer: (0.4695935,-8.228655,-5.223011)
Accelerometer: (0.433661,-8.238237,-5.2349887)
Accelerometer: (0.404915,-8.209491,-5.2733164)
Accelerometer: (0.457616,-8.219073,-5.36195)
Accelerometer: (0.4887575,-8.185536,-5.337995)
Accelerometer: (0.4935485,-8.175954,-5.2158246)
Accelerometer: (0.4504295,-8.228655,-5.1966605)
Accelerometer: (0.4456385,-8.243028,-5.2589436)
Accelerometer: (0.448034,-8.202305,-5.31404)
Accelerometer: (0.4312655,-8.221469,-5.3020625)
Accelerometer: (0.38096,-8.221469,-5.357159)
Accelerometer: (0.385751,-8.214282,-5.3212266)
Accelerometer: (0.4552205,-8.259796,-5.2924805)
Accelerometer: (0.452825,-8.207095,-5.3068533)
Accelerometer: (0.448034,-8.180745,-5.3116446)
Accelerometer: (0.424079,-8.175954,-5.304458)
Accelerometer: (0.457616,-8.183141,-5.26613)
Accelerometer: (0.4935485,-8.180745,-5.275712)
Accelerometer: (0.467198,-8.163977,-5.290085)
Accelerometer: (0.4552205,-8.197514,-5.256548)
Accelerometer: (0.4600115,-8.226259,-5.2301974)
Accelerometer: (0.4887575,-8.233446,-5.3308086)
Accelerometer: (0.42887,-8.175954,-5.285294)
Accelerometer: (0.424079,-8.233446,-5.323622)
Accelerometer: (0.4168925,-8.2310505,-5.26613)
Accelerometer: (0.390542,-8.192722,-5.2541523)
Accelerometer: (0.390542,-8.149604,-5.285294)
Accelerometer: (0.433661,-8.171163,-5.3164353)
Accelerometer: (0.438452,-8.151999,-5.251757)
Accelerometer: (0.42887,-8.183141,-5.2589436)
Accelerometer: (0.4887575,-8.233446,-5.376323)
Accelerometer: (0.467198,-8.25261,-5.366741)
Accelerometer: (0.361796,-8.25261,-5.2685256)
Accelerometer: (0.3354455,-8.15679,-5.309249)
Accelerometer: (0.400124,-8.180745,-5.3643456)
Accelerometer: (0.4025195,-8.207095,-5.3355994)
Accelerometer: (0.433661,-8.183141,-5.3547635)
Accelerometer: (0.4839665,-8.140021,-5.3212266)
Accelerometer: (0.52469,-8.1256485,-5.36195)
Accelerometer: (0.5175035,-8.183141,-5.2972717)
Accelerometer: (0.515108,-8.247819,-5.304458)
Accelerometer: (0.5175035,-8.197514,-5.3403907)
Accelerometer: (0.5079215,-8.1256485,-5.328413)
Accelerometer: (0.5079215,-8.080134,-5.3739276)
Accelerometer: (0.457616,-8.228655,-5.4793296)
Accelerometer: (0.3402365,-8.293333,-5.304458)
Accelerometer: (0.3019085,-8.295729,-5.1343775)
Accelerometer: (0.4216835,-8.243028,-5.1727057)
Accelerometer: (0.5893685,-8.13044,-5.2733164)
Accelerometer: (0.606137,-8.056179,-5.2876897)
Accelerometer: (0.505526,-8.001082,-5.2828984)
Accelerometer: (0.457616,-8.15679,-5.3260174)
Accelerometer: (0.52469,-8.298124,-5.3308086)
Accelerometer: (0.5558315,-8.264587,-5.21822)
Accelerometer: (0.433661,-8.161581,-5.285294)
Accelerometer: (0.3258635,-8.140021,-5.4026737)
Accelerometer: (0.342632,-8.207095,-5.45777)
Accelerometer: (0.4264745,-8.223864,-5.328413)
Accelerometer: (0.500735,-8.154394,-5.2685256)
Accelerometer: (0.495944,-8.0729475,-5.3595543)
Accelerometer: (0.4935485,-8.10888,-5.476934)
Accelerometer: (0.462407,-8.180745,-5.4649563)
Accelerometer: (0.4264745,-8.192722,-5.3595543)
Accelerometer: (0.486362,-8.128044,-5.3547635)
Accelerometer: (0.5510405,-8.10888,-5.3739276)
Accelerometer: (0.5510405,-8.099298,-5.3547635)
Accelerometer: (0.495944,-8.10888,-5.419442)
Accelerometer: (0.42887,-8.128044,-5.443397)
Accelerometer: (0.471989,-8.173558,-5.4122553)
Accelerometer: (0.491153,-8.166372,-5.390696)
Accelerometer: (0.5079215,-8.151999,-5.3883004)
Accelerometer: (0.4743845,-8.104089,-5.357159)
Accelerometer: (0.4216835,-8.063366,-5.4362106)
Accelerometer: (0.4168925,-8.094507,-5.433815)
Accelerometer: (0.457616,-8.154394,-5.443397)
Accelerometer: (0.505526,-8.159185,-5.400278)
Accelerometer: (0.519899,-8.195118,-5.429024)
Accelerometer: (0.5079215,-8.113671,-5.524844)
Accelerometer: (0.505526,-8.053783,-5.515262)
Accelerometer: (0.481571,-8.118462,-5.3595543)
Accelerometer: (0.4121015,-8.13044,-5.290085)
Accelerometer: (0.4648025,-8.113671,-5.385905)
Accelerometer: (0.52469,-8.154394,-5.4122553)
Accelerometer: (0.457616,-8.096903,-5.323622)
Accelerometer: (0.376169,-8.094507,-5.3691363)
Accelerometer: (0.424079,-8.166372,-5.491307)
Accelerometer: (0.47678,-8.128044,-5.4601655)
Accelerometer: (0.4408475,-8.06097,-5.3883004)
Accelerometer: (0.452825,-8.10888,-5.424233)
Accelerometer: (0.539063,-8.15679,-5.496098)
Accelerometer: (0.5462495,-8.099298,-5.4314194)
Accelerometer: (0.5318765,-8.068156,-5.337995)
Accelerometer: (0.5414585,-8.089716,-5.424233)
Accelerometer: (0.5079215,-8.111276,-5.3787184)
Accelerometer: (0.448034,-8.120857,-5.3595543)
Accelerometer: (0.5079215,-8.13523,-5.4122553)
Accelerometer: (0.567809,-8.185536,-5.4984937)
Accelerometer: (0.519899,-8.075343,-5.4601655)
Accelerometer: (0.419288,-8.017851,-5.4122553)
Accelerometer: (0.4121015,-8.116067,-5.5128665)
Accelerometer: (0.5079215,-8.116067,-5.55359)
Accelerometer: (0.6037415,-8.077739,-5.400278)
Accelerometer: (0.5318765,-8.084925,-5.390696)
Accelerometer: (0.4025195,-8.048992,-5.4122553)
Accelerometer: (0.385751,-8.094507,-5.481725)
Accelerometer: (0.443243,-8.106484,-5.4697475)
Accelerometer: (0.452825,-8.128044,-5.452979)
Accelerometer: (0.491153,-8.151999,-5.4170465)
Accelerometer: (0.500735,-8.111276,-5.4410014)
Accelerometer: (0.5127125,-8.099298,-5.448188)
Accelerometer: (0.457616,-8.025038,-5.452979)
Accelerometer: (0.519899,-8.003478,-5.4362106)
Accelerometer: (0.5845775,-8.149604,-5.4314194)
Accelerometer: (0.4983395,-8.195118,-5.491307)
Accelerometer: (0.4935485,-8.13523,-5.4793296)
Accelerometer: (0.4935485,-8.1783495,-5.481725)
Accelerometer: (0.515108,-8.096903,-5.4074645)
Accelerometer: (0.5558315,-8.051388,-5.3499727)
Accelerometer: (0.5270855,-8.120857,-5.4074645)
Accelerometer: (0.433661,-8.116067,-5.400278)
Accelerometer: (0.357005,-8.053783,-5.4170465)
Accelerometer: (0.4408475,-8.1256485,-5.567963)
Accelerometer: (0.5654135,-8.041806,-5.472143)
Accelerometer: (0.586973,-8.051388,-5.3595543)
Accelerometer: (0.424079,-8.144813,-5.385905)
Accelerometer: (0.467198,-8.075343,-5.50568)
Accelerometer: (0.4983395,-8.175954,-5.467352)
Accelerometer: (0.4983395,-8.13044,-5.3403907)
Accelerometer: (0.567809,-8.1256485,-5.3212266)
Accelerometer: (0.548645,-8.053783,-5.3595543)
Accelerometer: (0.519899,-8.046597,-5.4601655)
Accelerometer: (0.510317,-8.123253,-5.524844)
Accelerometer: (0.47678,-8.037015,-5.448188)
Accelerometer: (0.3450275,-8.022642,-5.4074645)
Accelerometer: (0.357005,-8.094507,-5.50568)
Accelerometer: (0.395333,-8.216678,-5.5511947)
Accelerometer: (0.4312655,-8.120857,-5.448188)
Accelerometer: (0.3881465,-8.144813,-5.4074645)
Accelerometer: (0.4168925,-8.140021,-5.472143)
Accelerometer: (0.5079215,-8.111276,-5.4601655)
Accelerometer: (0.596555,-8.025038,-5.400278)
Accelerometer: (0.4983395,-8.025038,-5.481725)
Accelerometer: (0.4073105,-8.039411,-5.5559855)
Accelerometer: (0.47678,-8.132835,-5.596709)
Accelerometer: (0.519899,-8.101693,-5.462561)
Accelerometer: (0.491153,-8.032224,-5.4553747)
Accelerometer: (0.462407,-7.960359,-5.472143)
Accelerometer: (0.419288,-8.13044,-5.3978825)
Accelerometer: (0.4504295,-8.149604,-5.510471)
Accelerometer: (0.4839665,-8.13523,-5.462561)
Accelerometer: (0.5127125,-8.027433,-5.342786)
Accelerometer: (0.471989,-8.041806,-5.328413)
Accelerometer: (0.4312655,-8.1256485,-5.40986)
Accelerometer: (0.4887575,-8.163977,-5.491307)
Accelerometer: (0.5031305,-8.051388,-5.491307)
Accelerometer: (0.4791755,-8.046597,-5.4553747)
Accelerometer: (0.457616,-8.058575,-5.328413)
Accelerometer: (0.4600115,-8.144813,-5.4266286)
Accelerometer: (0.481571,-8.171163,-5.4553747)
Accelerometer: (0.4743845,-8.118462,-5.544008)
Accelerometer: (0.4264745,-8.015455,-5.491307)
Accelerometer: (0.4456385,-8.068156,-5.5128665)
Accelerometer: (0.4648025,-8.084925,-5.496098)
Accelerometer: (0.471989,-8.080134,-5.4841204)
Accelerometer: (0.47678,-8.092112,-5.4122553)
Accelerometer: (0.5079215,-8.044202,-5.40986)
Accelerometer: (0.438452,-8.065761,-5.5032845)
Accelerometer: (0.414497,-8.113671,-5.544008)
Accelerometer: (0.4695935,-8.10888,-5.4457927)
Accelerometer: (0.5318765,-8.123253,-5.438606)
Accelerometer: (0.543854,-8.058575,-5.4841204)
Accelerometer: (0.5270855,-8.077739,-5.4937024)
Accelerometer: (0.4695935,-8.116067,-5.433815)
Accelerometer: (0.409706,-8.106484,-5.40986)
Accelerometer: (0.4456385,-8.068156,-5.4218373)
Accelerometer: (0.4648025,-8.025038,-5.529635)
Accelerometer: (0.505526,-8.034619,-5.55359)
Accelerometer: (0.543854,-8.058575,-5.4457927)
Accelerometer: (0.505526,-8.151999,-5.4122553)
Accelerometer: (0.491153,-8.128044,-5.424233)
Accelerometer: (0.519899,-8.106484,-5.4553747)
Accelerometer: (0.52469,-8.046597,-5.45777)
Accelerometer: (0.495944,-8.070552,-5.4697475)
Accelerometer: (0.424079,-8.132835,-5.4362106)
Accelerometer: (0.4121015,-8.180745,-5.472143)
Accelerometer: (0.38096,-8.104089,-5.405069)
Accelerometer: (0.3929375,-8.063366,-5.419442)
Accelerometer: (0.4264745,-8.111276,-5.4410014)
Accelerometer: (0.448034,-8.118462,-5.4410014)
Accelerometer: (0.4791755,-8.096903,-5.424233)
Accelerometer: (0.457616,-8.08732,-5.3691363)
Accelerometer: (0.4935485,-8.034619,-5.448188)
Accelerometer: (0.515108,-8.089716,-5.357159)
Accelerometer: (0.510317,-8.171163,-5.419442)
Accelerometer: (0.5318765,-8.111276,-5.467352)
Accelerometer: (0.5222945,-8.034619,-5.4601655)
Accelerometer: (0.500735,-8.048992,-5.443397)
Accelerometer: (0.505526,-8.183141,-5.443397)
Accelerometer: (0.5127125,-8.214282,-5.4074645)
Accelerometer: (0.4983395,-8.123253,-5.3787184)
Accelerometer: (0.457616,-8.06097,-5.40986)
Accelerometer: (0.433661,-8.070552,-5.5320306)
Accelerometer: (0.4839665,-8.06097,-5.5464034)
Accelerometer: (0.4648025,-8.099298,-5.452979)
Accelerometer: (0.419288,-8.113671,-5.45777)
Accelerometer: (0.4312655,-8.094507,-5.510471)
Accelerometer: (0.4743845,-8.144813,-5.4841204)
Accelerometer: (0.4504295,-8.120857,-5.3212266)
Accelerometer: (0.414497,-8.154394,-5.333204)
Accelerometer: (0.4025195,-8.144813,-5.3835096)
Accelerometer: (0.495944,-8.120857,-5.385905)
Accelerometer: (0.582182,-8.144813,-5.3739276)
Accelerometer: (0.5726,-8.111276,-5.347577)
Accelerometer: (0.4935485,-8.106484,-5.333204)
Accelerometer: (0.4839665,-8.15679,-5.4074645)
Accelerometer: (0.457616,-8.13523,-5.4314194)
Accelerometer: (0.452825,-8.140021,-5.4314194)
Accelerometer: (0.4935485,-8.08732,-5.405069)
Accelerometer: (0.495944,-8.094507,-5.366741)
Accelerometer: (0.5127125,-8.111276,-5.40986)
Accelerometer: (0.553436,-8.118462,-5.476934)
Accelerometer: (0.4312655,-8.058575,-5.4457927)
Accelerometer: (0.409706,-8.128044,-5.4553747)
Accelerometer: (0.467198,-8.161581,-5.4314194)
Accelerometer: (0.4791755,-8.171163,-5.3403907)
Accelerometer: (0.4456385,-8.154394,-5.3403907)
Accelerometer: (0.452825,-8.166372,-5.419442)
Accelerometer: (0.4695935,-8.118462,-5.4649563)
Accelerometer: (0.47678,-8.068156,-5.4266286)
Accelerometer: (0.4456385,-8.08732,-5.414651)
Accelerometer: (0.486362,-8.180745,-5.4170465)
Accelerometer: (0.5222945,-8.202305,-5.405069)
Accelerometer: (0.5175035,-8.104089,-5.3499727)
Accelerometer: (0.4983395,-8.051388,-5.4889116)
Accelerometer: (0.4504295,-8.209491,-5.50568)
Accelerometer: (0.457616,-8.276565,-5.179892)
Accelerometer: (0.500735,-8.219073,-5.1295867)
Accelerometer: (0.548645,-8.175954,-5.328413)
Accelerometer: (0.419288,-8.197514,-5.3499727)
Accelerometer: (0.3019085,-8.101693,-5.246966)
Accelerometer: (0.3450275,-8.293333,-5.357159)
Accelerometer: (0.414497,-8.398735,-5.4410014)
Accelerometer: (0.515108,-8.238237,-5.227802)
Accelerometer: (0.515108,-8.367594,-5.4362106)
Accelerometer: (0.414497,-8.381967,-5.6709695)
Accelerometer: (0.371378,-8.343639,-5.4314194)
Accelerometer: (0.505526,-8.228655,-5.1918697)
Accelerometer: (0.5726,-8.286147,-5.189474)
Accelerometer: (0.4983395,-8.480183,-5.165519)
Accelerometer: (0.4887575,-8.223864,-5.02658)
Accelerometer: (0.6803975,-8.207095,-5.309249)
Accelerometer: (0.5079215,-8.372385,-4.9235735)
Accelerometer: (0.721121,-8.477787,-5.2685256)
Accelerometer: (0.711539,-8.559234,-4.6025767)
Accelerometer: (0.649256,-8.643077,-4.466033)
Accelerometer: (0.649256,-8.331661,-4.5882034)
Accelerometer: (0.8432915,-8.659845,-4.7750525)
Accelerometer: (0.7666355,-8.559234,-4.724747)
Accelerometer: (0.9295295,-7.9196353,-4.88285)
Accelerometer: (0.8624555,-8.599957,-4.7606797)
Accelerometer: (0.8720375,-7.8286066,-5.002625)
Accelerometer: (0.9726485,-9.079058,-6.392015)
Accelerometer: (0.7474715,-8.175954,-5.644619)
Accelerometer: (0.7474715,-11.460184,-3.852785)
Accelerometer: (1.0061855,-9.917482,-1.5794555)
Accelerometer: (1.458935,-7.323156,-3.522206)
Accelerometer: (1.3080184,-10.703206,-4.6121583)
Accelerometer: (1.0445135,-9.007193,-3.440759)
Accelerometer: (1.3080184,-8.496951,-2.520887)
Accelerometer: (1.4325845,-9.026357,-2.084906)
Accelerometer: (1.1163785,-10.305553,-2.520887)
Accelerometer: (0.9295295,-9.503061,-1.524359)
Accelerometer: (1.3319736,-9.241952,-1.1195195)
Accelerometer: (1.420607,-10.787049,-1.6225744)
Accelerometer: (1.214594,-10.9571295,-0.9662075)
Accelerometer: (0.802568,-9.275489,0.708247)
Accelerometer: (1.1067965,-10.76549,-0.019985)
Accelerometer: (1.1738704,-9.814476,0.7154335)
Accelerometer: (0.9391115,-10.056421,2.385097)
Accelerometer: (1.5044495,-7.265664,3.812815)
Accelerometer: (1.401443,-7.5028186,4.31587)
Accelerometer: (1.6817164,-7.121934,3.9924774)
Accelerometer: (1.559546,-8.092112,4.751851)
Accelerometer: (1.310414,-9.105408,4.7494555)
Accelerometer: (1.411025,-9.845617,4.07632)
Accelerometer: (1.516427,-8.168768,4.69915)
Accelerometer: (0.6229055,-6.8799887,6.625132)
Accelerometer: (0.553436,-6.633252,7.017994)
Accelerometer: (0.9534845,-7.088397,6.251434)
Accelerometer: (1.3990475,-8.3891535,6.0478163)
Accelerometer: (1.305623,-8.544861,6.265807)
Accelerometer: (1.214594,-8.386758,6.8670774)
Accelerometer: (0.596555,-5.5960007,7.161724)
Accelerometer: (0.7666355,-2.144085,7.4036694)
Accelerometer: (1.3032275,-2.7405646,8.402593)
Accelerometer: (0.088709,-4.5323987,8.836179)
Accelerometer: (-0.261034,-2.3237474,8.2924)
Accelerometer: (0.2683715,2.3235226,8.275632)
Accelerometer: (-0.0047155,6.0413384,9.9429)
Accelerometer: (-0.7856485,6.043734,11.181373)
Accelerometer: (-1.497112,4.448331,10.898704)
Accelerometer: (-0.807208,2.5918186,9.82552)
Accelerometer: (0.040799,0.8287305,9.70814)
Accelerometer: (0.0911045,0.7329105,9.923736)
Accelerometer: (-0.059812,1.5809175,10.045906)
Accelerometer: (0.103082,1.362927,9.660231)
Accelerometer: (0.184529,-0.304341,9.674603)
Accelerometer: (-0.131677,-0.1246785,9.892594)
Accelerometer: (-0.280198,1.28148,9.70814)
Accelerometer: (-0.021484,0.7089555,9.854266)
Accelerometer: (-0.1149085,0.332862,10.06507)
Accelerometer: (0.2060885,1.6671555,10.048302)
Accelerometer: (0.040799,2.2037475,10.187241)
Accelerometer: (0.242021,0.591576,9.926131)
Accelerometer: (0.1485965,0.8910135,9.904572)
Accelerometer: (0.208484,1.08984,9.835102)
Accelerometer: (0.136619,-0.0384405,9.883012)
Accelerometer: (0.5606225,-0.198939,9.748864)
Accelerometer: (0.5270855,0.9580875,9.981228)
Accelerometer: (0.740285,1.947429,8.493622)
Accelerometer: (0.9055745,0.1100805,10.146517)
Accelerometer: (-0.5125615,-0.8385375,11.334685)
Accelerometer: (0.1006865,0.241833,10.165681)
Accelerometer: (0.1054775,0.471801,10.141726)
Accelerometer: (0.246812,0.337653,9.375166)
Accelerometer: (1.3367645,1.223988,9.391934)
Accelerometer: (0.222857,0.821544,10.081839)
Accelerometer: (0.246812,0.6514635,9.880616)
Accelerometer: (0.28514,0.543666,9.830311)
Accelerometer: (0.3019085,1.2695025,9.902176)
Accelerometer: (0.2683715,1.583313,9.959668)
Accelerometer: (0.328259,1.190451,9.861452)
Accelerometer: (0.1725515,0.9676695,9.918944)
Accelerometer: (0.3498185,0.725724,9.923736)
Accelerometer: (0.5558315,0.673023,9.839893)
Accelerometer: (0.500735,0.510129,9.844684)
Accelerometer: (0.414497,0.313698,9.878221)
Accelerometer: (0.4264745,0.2154825,9.861452)
Accelerometer: (0.42887,0.5939715,9.957273)
Accelerometer: (0.4504295,0.711351,9.938108)
Accelerometer: (0.4121015,0.663441,9.930922)
Accelerometer: (0.4504295,0.409518,9.923736)
Accelerometer: (0.467198,0.4789875,9.875826)
Accelerometer: (0.5726,0.692187,9.868639)
Accelerometer: (0.5318765,0.6322995,9.89978)
Accelerometer: (0.515108,0.476592,9.890199)
Accelerometer: (0.47678,0.4167045,9.890199)
Accelerometer: (0.3977285,0.347235,9.92134)
Accelerometer: (0.4456385,0.3400485,9.835102)
Accelerometer: (0.5845775,0.6562545,9.885407)
Accelerometer: (0.5726,0.687396,9.938108)
Accelerometer: (0.5845775,0.385563,9.875826)
Accelerometer: (0.563018,0.462219,9.847079)
Accelerometer: (0.6037415,0.543666,9.878221)
Accelerometer: (0.4887575,0.4598235,9.916549)
Accelerometer: (0.5702045,0.304116,9.823125)
Accelerometer: (0.5654135,0.3160935,9.928527)
Accelerometer: (0.567809,0.2490195,9.87343)
Accelerometer: (0.577391,0.452637,9.885407)
Accelerometer: (0.5318765,0.3448395,9.909363)
Accelerometer: (0.519899,0.1340355,9.89978)
Accelerometer: (0.5989505,0.3783765,9.897385)
Accelerometer: (0.639674,0.481383,9.897385)
Accelerometer: (0.5702045,0.1436175,9.823125)
Accelerometer: (0.510317,0.1340355,9.883012)
Accelerometer: (0.5606225,0.3160935,9.923736)
Accelerometer: (0.567809,0.3256755,9.909363)
Accelerometer: (0.4552205,0.601158,9.027819)
Accelerometer: (0.66842,-0.2923635,10.033929)
Accelerometer: (0.773822,0.9005955,10.3261795)
Accelerometer: (0.443243,0.375981,9.847079)
Accelerometer: (0.3019085,-0.1007235,10.057883)
Accelerometer: (0.1821335,-0.371415,10.184845)
Accelerometer: (0.3114905,-0.2109165,10.029138)
Accelerometer: (0.5270855,0.117267,9.686581)
Accelerometer: (0.6229055,0.141222,10.189636)
Accelerometer: (0.3546095,-0.0480225,10.204009)
Accelerometer: (0.103082,0.7951935,9.624298)
Accelerometer: (0.8337095,-0.127074,9.581179)
Accelerometer: (0.500735,0.2250645,9.916549)
Accelerometer: (0.6372785,0.500547,9.914153)
