Accelerometer: (-0.184378,-0.3306915,10.141726)
Accelerometer: (-0.2394745,-1.583538,9.914153)
Accelerometer: (0.0815225,-1.588329,9.667417)
Accelerometer: (-0.0190885,-1.35357,9.758446)
Accelerometer: (-0.007111,-1.6098886,9.849475)
Accelerometer: (0.155783,-0.807396,9.918944)
Accelerometer: (0.1438055,-1.0205956,9.92134)
Accelerometer: (0.079127,-1.856625,9.648253)
Accelerometer: (0.1917155,-2.6830726,9.58597)
Accelerometer: (0.500735,-1.712895,9.868639)
Accelerometer: (0.2108795,-0.7858365,9.897385)
Accelerometer: (-0.093349,-0.8289555,9.794378)
Accelerometer: (0.0384035,-2.110548,9.588366)
Accelerometer: (-0.0286705,-2.5537155,9.837498)
Accelerometer: (0.117455,-1.5955155,9.806356)
Accelerometer: (0.1150595,-1.765596,9.868639)
Accelerometer: (-0.1388635,-1.909326,9.772819)
Accelerometer: (-0.107722,-2.560902,9.552433)
Accelerometer: (0.2875355,-3.17415,9.526082)
Accelerometer: (0.275558,-2.144085,9.835102)
Accelerometer: (-0.203542,-2.5728796,9.971645)
Accelerometer: (-0.620359,-3.648459,9.665022)
Accelerometer: (0.2539985,-2.9513686,9.645858)
Accelerometer: (0.016844,-0.855306,9.7297)
Accelerometer: (-0.4215325,-1.8733935,9.691372)
Accelerometer: (0.2731625,-0.1821705,9.741677)
Accelerometer: (0.117455,-1.703313,9.796774)
Accelerometer: (-0.443092,-2.7549374,9.590761)
Accelerometer: (0.4887575,-1.7296635,9.468591)
Accelerometer: (0.7378895,-1.9548405,9.768028)
Accelerometer: (0.131828,-0.6229425,10.266292)
Accelerometer: (0.198902,-0.9104025,9.720118)
Accelerometer: (0.970253,-3.5406616,8.759522)
Accelerometer: (1.597874,-6.729072,8.316355)
Accelerometer: (0.8337095,-6.111033,8.749941)
Accelerometer: (0.2683715,-3.1573815,8.860133)
Accelerometer: (0.6660245,-3.4304686,8.555905)
Accelerometer: (0.8576645,-5.2079296,8.560696)
Accelerometer: (0.649256,-4.1107907,8.589442)
Accelerometer: (0.6372785,-3.6508546,8.630165)
Accelerometer: (0.414497,-6.0655184,8.00494)
Accelerometer: (0.438452,-7.7806964,6.893428)
Accelerometer: (1.909289,-6.8943615,6.13645)
Accelerometer: (2.5440965,-7.2920146,6.1628003)
Accelerometer: (1.5763144,-6.9374804,6.4215145)
Accelerometer: (0.7953815,-7.7279954,6.524521)
Accelerometer: (1.329578,-8.810761,5.192623)
Accelerometer: (1.7056715,-9.201228,5.168668)
Accelerometer: (2.115302,-7.428558,5.6884913)
Accelerometer: (1.1930345,-8.305311,5.46571)
Accelerometer: (1.7919095,-7.859748,4.684777)
Accelerometer: (1.9931315,-8.930536,4.8213205)
Accelerometer: (1.6433885,-9.222788,4.354198)
Accelerometer: (2.2805915,-8.401131,4.929118)
Accelerometer: (1.3990475,-8.379572,4.5913525)
Accelerometer: (1.985945,-9.000006,3.9158216)
Accelerometer: (2.354852,-8.777225,4.957864)
Accelerometer: (2.311733,-7.4022074,4.9410954)
Accelerometer: (1.511636,-8.84909,4.713523)
Accelerometer: (1.032536,-8.281356,4.6200986)
Accelerometer: (1.1403335,-8.899395,4.84288)
Accelerometer: (1.832633,-9.486293,4.0978794)
Accelerometer: (2.44109,-9.280279,3.1827984)
Accelerometer: (2.7836466,-10.032467,3.7433455)
Accelerometer: (2.134466,-7.48605,5.096803)
Accelerometer: (2.148839,-7.19859,5.1950183)
Accelerometer: (1.14752,-9.14134,3.712204)
Accelerometer: (0.361796,-9.888737,3.4079754)
Accelerometer: (0.9486935,-8.58798,3.5852425)
Accelerometer: (2.2614274,-8.702964,3.6858535)
Accelerometer: (2.124884,-8.3364525,4.2032814)
Accelerometer: (2.0410416,-7.10277,3.7481365)
Accelerometer: (2.1943536,-9.026357,4.0691333)
Accelerometer: (1.080446,-11.084091,2.6462066)
Accelerometer: (-0.5413075,-8.1256485,4.152976)
Accelerometer: (0.86006,-9.752193,3.3025734)
Accelerometer: (0.543854,-9.843222,2.6414156)
Accelerometer: (0.8193365,-9.395264,2.902525)
Accelerometer: (0.261185,-9.455151,2.964808)
Accelerometer: (0.1821335,-8.73171,2.868988)
Accelerometer: (0.1485965,-9.474315,2.835451)
Accelerometer: (-0.083767,-8.022642,2.8474286)
Accelerometer: (0.18932,-11.072113,2.1383605)
Accelerometer: (0.8576645,-9.59409,0.760948)
Accelerometer: (-0.1484455,-9.512643,2.3683286)
Accelerometer: (0.52469,-7.91724,1.8844374)
Accelerometer: (0.347423,-11.242194,1.8796465)
Accelerometer: (0.3594005,-9.241952,1.4101285)
Accelerometer: (0.127037,-8.25261,0.540562)
Accelerometer: (0.4025195,-11.611101,0.4088095)
Accelerometer: (0.7330985,-9.263511,0.463906)
Accelerometer: (0.146201,-8.968864,0.0830215)
Accelerometer: (0.146201,-11.275731,-0.7937315)
Accelerometer: (0.898388,-9.951019,-0.8033135)
Accelerometer: (1.0301405,-9.81208,-0.37931)
Accelerometer: (1.0205585,-9.256325,-0.5589725)
Accelerometer: (0.7570535,-9.536598,-0.7218665)
Accelerometer: (0.7666355,-9.802499,-0.6787475)
Accelerometer: (0.6708155,-9.852804,-0.542204)
Accelerometer: (0.869642,-8.99282,-1.787864)
Accelerometer: (0.117455,-9.699492,-1.7687)
Accelerometer: (0.2539985,-10.037257,-1.203362)
Accelerometer: (0.1773425,-9.083849,-1.4405165)
Accelerometer: (0.596555,-11.091277,-2.8969805)
Accelerometer: (0.390542,-9.503061,-1.682462)
Accelerometer: (0.2779535,-9.862386,-1.5075905)
Accelerometer: (0.582182,-9.601276,-1.8285875)
Accelerometer: (0.491153,-9.6204405,-1.8573335)
Accelerometer: (0.419288,-9.340167,-1.993877)
Accelerometer: (0.208484,-9.608463,-1.926803)
Accelerometer: (0.1198505,-9.574926,-2.2501955)
Accelerometer: (0.2827445,-9.924669,-2.463395)
Accelerometer: (0.371378,-9.227578,-2.453813)
Accelerometer: (0.3450275,-9.764171,-2.357993)
Accelerometer: (0.280349,-9.790521,-1.8764975)
Accelerometer: (0.42887,-9.634813,-2.036996)
Accelerometer: (0.539063,-9.586904,-2.113652)
Accelerometer: (0.4648025,-9.474315,-2.0154364)
Accelerometer: (0.357005,-9.32819,-1.9004525)
Accelerometer: (0.304304,-9.4623375,-1.9004525)
Accelerometer: (0.328259,-9.512643,-1.984295)
Accelerometer: (0.404915,-9.292257,-2.132816)
Accelerometer: (0.610928,-9.40245,-2.3268516)
Accelerometer: (0.5893685,-9.764171,-2.362784)
Accelerometer: (0.433661,-9.642,-2.032205)
Accelerometer: (0.4025195,-9.606068,-2.156771)
Accelerometer: (0.471989,-9.730634,-2.3316424)
Accelerometer: (0.553436,-9.459942,-2.3987164)
Accelerometer: (0.500735,-9.383286,-2.3268516)
Accelerometer: (0.467198,-9.45036,-2.2166586)
Accelerometer: (0.5222945,-9.572531,-2.1735394)
Accelerometer: (0.47678,-9.574926,-2.2406135)
Accelerometer: (0.3881465,-9.452756,-2.209472)
Accelerometer: (0.261185,-9.495874,-2.0633464)
Accelerometer: (0.491153,-9.52462,-2.5520284)
Accelerometer: (0.510317,-9.66835,-2.4514174)
Accelerometer: (0.519899,-9.486293,-2.362784)
Accelerometer: (0.543854,-9.3569355,-2.2549865)
Accelerometer: (0.500735,-9.471919,-2.324456)
Accelerometer: (0.481571,-9.536598,-2.362784)
Accelerometer: (0.505526,-9.431196,-2.362784)
Accelerometer: (0.467198,-9.342563,-2.314874)
Accelerometer: (0.548645,-9.589299,-2.219054)
Accelerometer: (0.548645,-9.464733,-2.118443)
Accelerometer: (0.4695935,-9.443173,-2.2022855)
Accelerometer: (0.4839665,-9.443173,-2.381948)
Accelerometer: (0.515108,-9.507852,-2.4082985)
Accelerometer: (0.5079215,-9.51983,-2.4274626)
Accelerometer: (0.519899,-9.493479,-2.463395)
Accelerometer: (0.6468605,-9.529411,-2.3555975)
Accelerometer: (0.654047,-9.457546,-2.300501)
Accelerometer: (0.630092,-9.4623375,-2.4562085)
Accelerometer: (0.534272,-9.404845,-2.420276)
Accelerometer: (0.462407,-9.431196,-2.4322536)
Accelerometer: (0.5797865,-9.474315,-2.3651795)
Accelerometer: (0.6660245,-9.493479,-2.348411)
Accelerometer: (0.5558315,-9.464733,-2.3555975)
Accelerometer: (0.5079215,-9.412032,-2.4274626)
Accelerometer: (0.519899,-9.380891,-2.3795526)
Accelerometer: (0.5606225,-9.474315,-2.372366)
Accelerometer: (0.596555,-9.493479,-2.3651795)
Accelerometer: (0.663629,-9.443173,-2.401112)
Accelerometer: (0.548645,-9.330585,-2.3412244)
Accelerometer: (0.548645,-9.536598,-2.463395)
Accelerometer: (0.5270855,-9.493479,-2.4993274)
Accelerometer: (0.5366675,-9.522225,-2.4226716)
Accelerometer: (0.582182,-9.503061,-2.453813)
Accelerometer: (0.577391,-9.424009,-2.334038)
Accelerometer: (0.553436,-9.347354,-2.3987164)
Accelerometer: (0.5462495,-9.479106,-2.4562085)
Accelerometer: (0.6468605,-9.419218,-2.4035075)
Accelerometer: (0.591764,-9.385681,-2.34362)
Accelerometer: (0.5893685,-9.570135,-2.4993274)
Accelerometer: (0.6276965,-9.459942,-2.3651795)
Accelerometer: (0.6516515,-9.40245,-2.3939254)
Accelerometer: (0.649256,-9.378495,-2.544842)
Accelerometer: (0.639674,-9.452756,-2.4466264)
Accelerometer: (0.567809,-9.493479,-2.458604)
Accelerometer: (0.5127125,-9.273093,-2.401112)
Accelerometer: (0.548645,-9.54618,-2.415485)
Accelerometer: (0.558227,-9.531807,-2.3843434)
Accelerometer: (0.5941595,-9.505457,-2.3843434)
Accelerometer: (0.5654135,-9.479106,-2.4801636)
Accelerometer: (0.4504295,-9.404845,-2.4226716)
Accelerometer: (0.5366675,-9.431196,-2.329247)
Accelerometer: (0.6133235,-9.455151,-2.377157)
Accelerometer: (0.548645,-9.378495,-2.434649)
Accelerometer: (0.5654135,-9.440778,-2.5041184)
Accelerometer: (0.654047,-9.419218,-2.511305)
Accelerometer: (0.678002,-9.488688,-2.4705815)
Accelerometer: (0.6181145,-9.433592,-2.4178805)
Accelerometer: (0.5989505,-9.318607,-2.353202)
Accelerometer: (0.6133235,-9.438382,-2.4849546)
Accelerometer: (0.6181145,-9.495874,-2.4370444)
Accelerometer: (0.5462495,-9.359331,-2.3172696)
Accelerometer: (0.567809,-9.527016,-2.5568194)
Accelerometer: (0.563018,-9.479106,-2.5472374)
Accelerometer: (0.644465,-9.505457,-2.4753726)
Accelerometer: (0.6516515,-9.428801,-2.3939254)
Accelerometer: (0.6181145,-9.412032,-2.396321)
Accelerometer: (0.577391,-9.368913,-2.4657905)
Accelerometer: (0.586973,-9.505457,-2.4562085)
Accelerometer: (0.548645,-9.491083,-2.492141)
Accelerometer: (0.5079215,-9.433592,-2.4178805)
Accelerometer: (0.5366675,-9.435987,-2.4082985)
Accelerometer: (0.5462495,-9.45036,-2.4370444)
Accelerometer: (0.5270855,-9.361727,-2.377157)
Accelerometer: (0.558227,-9.440778,-2.516096)
Accelerometer: (0.6229055,-9.49827,-2.420276)
Accelerometer: (0.639674,-9.507852,-2.3939254)
Accelerometer: (0.563018,-9.390472,-2.381948)
Accelerometer: (0.596555,-9.380891,-2.4514174)
Accelerometer: (0.6660245,-9.505457,-2.4274626)
Accelerometer: (0.5414585,-9.435987,-2.4130895)
Accelerometer: (0.481571,-9.440778,-2.4801636)
Accelerometer: (0.500735,-9.435987,-2.5041184)
Accelerometer: (0.62051,-9.426405,-2.472977)
Accelerometer: (0.6181145,-9.40245,-2.4226716)
Accelerometer: (0.539063,-9.510247,-2.449022)
Accelerometer: (0.515108,-9.388077,-2.525678)
Accelerometer: (0.591764,-9.479106,-2.4322536)
Accelerometer: (0.5893685,-9.395264,-2.3747616)
Accelerometer: (0.6133235,-9.424009,-2.48735)
Accelerometer: (0.548645,-9.431196,-2.53526)
Accelerometer: (0.448034,-9.431196,-2.458604)
Accelerometer: (0.4408475,-9.512643,-2.5568194)
Accelerometer: (0.534272,-9.431196,-2.506514)
Accelerometer: (0.5797865,-9.380891,-2.4705815)
Accelerometer: (0.543854,-9.52462,-2.559215)
Accelerometer: (0.47678,-9.3761,-2.482559)
Accelerometer: (0.4935485,-9.404845,-2.4130895)
Accelerometer: (0.644465,-9.424009,-2.53526)
Accelerometer: (0.6851885,-9.431196,-2.449022)
Accelerometer: (0.601346,-9.421614,-2.4562085)
Accelerometer: (0.438452,-9.503061,-2.530469)
Accelerometer: (0.5079215,-9.431196,-2.549633)
Accelerometer: (0.634883,-9.414428,-2.4466264)
Accelerometer: (0.6181145,-9.368913,-2.525678)
Accelerometer: (0.543854,-9.435987,-2.5424466)
Accelerometer: (0.4839665,-9.457546,-2.472977)
Accelerometer: (0.5414585,-9.407241,-2.4562085)
Accelerometer: (0.558227,-9.45036,-2.4609995)
Accelerometer: (0.52469,-9.433592,-2.5041184)
Accelerometer: (0.5318765,-9.40245,-2.4705815)
Accelerometer: (0.567809,-9.488688,-2.4657905)
Accelerometer: (0.534272,-9.447965,-2.458604)
Accelerometer: (0.548645,-9.388077,-2.492141)
Accelerometer: (0.5989505,-9.419218,-2.4897456)
Accelerometer: (0.5989505,-9.421614,-2.544842)
Accelerometer: (0.515108,-9.491083,-2.5328646)
Accelerometer: (0.515108,-9.330585,-2.458604)
Accelerometer: (0.596555,-9.455151,-2.4562085)
Accelerometer: (0.577391,-9.35454,-2.420276)
Accelerometer: (0.6372785,-9.527016,-2.755646)
Accelerometer: (0.4839665,-9.366517,-2.544842)
Accelerometer: (0.4887575,-9.388077,-2.5807745)
Accelerometer: (0.5797865,-9.445569,-2.58317)
Accelerometer: (0.586973,-9.553367,-2.5807745)
Accelerometer: (0.610928,-9.438382,-2.482559)
Accelerometer: (0.5702045,-9.380891,-2.458604)
Accelerometer: (0.553436,-9.435987,-2.501723)
Accelerometer: (0.5845775,-9.412032,-2.5424466)
Accelerometer: (0.596555,-9.33298,-2.520887)
Accelerometer: (0.5510405,-9.325794,-2.4370444)
Accelerometer: (0.491153,-9.49827,-2.5759835)
Accelerometer: (0.486362,-9.541389,-2.554424)
Accelerometer: (0.3881465,-9.512643,-2.506514)
Accelerometer: (0.3450275,-9.352144,-2.472977)
Accelerometer: (0.591764,-9.275489,-2.5568194)
Accelerometer: (0.6995615,-9.529411,-2.5424466)
Accelerometer: (0.6037415,-9.294653,-2.453813)
Accelerometer: (0.5941595,-9.352144,-2.5664015)
Accelerometer: (0.577391,-9.59409,-2.5616105)
Accelerometer: (0.5175035,-9.313816,-2.5807745)
Accelerometer: (0.500735,-9.534203,-2.554424)
Accelerometer: (0.510317,-9.412032,-2.587961)
Accelerometer: (0.5726,-9.352144,-2.5041184)
Accelerometer: (0.5606225,-9.452756,-2.511305)
Accelerometer: (0.5127125,-9.481502,-2.501723)
Accelerometer: (0.6372785,-9.4096365,-2.5759835)
Accelerometer: (0.6708155,-9.469524,-2.597543)
Accelerometer: (0.6516515,-9.416823,-2.58317)
Accelerometer: (0.5654135,-9.309026,-2.5184915)
Accelerometer: (0.5989505,-9.416823,-2.530469)
Accelerometer: (0.5702045,-9.416823,-2.5711925)
Accelerometer: (0.6037415,-9.359331,-2.453813)
Accelerometer: (0.6564425,-9.371308,-2.477768)
Accelerometer: (0.625301,-9.47671,-2.611916)
Accelerometer: (0.582182,-9.383286,-2.4609995)
Accelerometer: (0.5175035,-9.364122,-2.43944)
Accelerometer: (0.519899,-9.471919,-2.5616105)
Accelerometer: (0.4983395,-9.426405,-2.5184915)
Accelerometer: (0.5318765,-9.321003,-2.506514)
Accelerometer: (0.563018,-9.395264,-2.650244)
Accelerometer: (0.553436,-9.534203,-2.67899)
Accelerometer: (0.4839665,-9.3761,-2.5184915)
Accelerometer: (0.486362,-9.426405,-2.5184915)
Accelerometer: (0.5558315,-9.507852,-2.516096)
Accelerometer: (0.625301,-9.445569,-2.4562085)
Accelerometer: (0.6468605,-9.349749,-2.501723)
Accelerometer: (0.6803975,-9.316212,-2.5855656)
Accelerometer: (0.6995615,-9.385681,-2.611916)
Accelerometer: (0.6947705,-9.383286,-2.4753726)
Accelerometer: (0.687584,-9.431196,-2.4418354)
Accelerometer: (0.5989505,-9.400055,-2.5089095)
Accelerometer: (0.481571,-9.433592,-2.5807745)
Accelerometer: (0.4552205,-9.395264,-2.564006)
Accelerometer: (0.491153,-9.292257,-2.578379)
Accelerometer: (0.543854,-9.505457,-2.573588)
Accelerometer: (0.534272,-9.483897,-2.5903566)
Accelerometer: (0.5222945,-9.421614,-2.6526394)
Accelerometer: (0.52469,-9.366517,-2.645453)
Accelerometer: (0.5702045,-9.400055,-2.616707)
Accelerometer: (0.601346,-9.419218,-2.5951476)
Accelerometer: (0.625301,-9.419218,-2.6047294)
Accelerometer: (0.6276965,-9.378495,-2.5089095)
Accelerometer: (0.6229055,-9.395264,-2.6047294)
Accelerometer: (0.5606225,-9.347354,-2.5472374)
Accelerometer: (0.4983395,-9.388077,-2.5855656)
Accelerometer: (0.563018,-9.455151,-2.540051)
Accelerometer: (0.639674,-9.428801,-2.5232825)
Accelerometer: (0.610928,-9.368913,-2.578379)
Accelerometer: (0.644465,-9.349749,-2.67899)
Accelerometer: (0.639674,-9.433592,-2.712527)
Accelerometer: (0.5941595,-9.4096365,-2.7005496)
Accelerometer: (0.5031305,-9.3761,-2.650244)
Accelerometer: (0.5510405,-9.388077,-2.674199)
Accelerometer: (0.630092,-9.368913,-2.6718035)
Accelerometer: (0.6324875,-9.428801,-2.592752)
Accelerometer: (0.5318765,-9.371308,-2.6095204)
Accelerometer: (0.5749955,-9.359331,-2.6526394)
Accelerometer: (0.663629,-9.390472,-2.6765945)
Accelerometer: (0.6899795,-9.390472,-2.592752)
Accelerometer: (0.6229055,-9.349749,-2.621498)
Accelerometer: (0.5366675,-9.412032,-2.683781)
Accelerometer: (0.5318765,-9.457546,-2.731691)
Accelerometer: (0.6037415,-9.364122,-2.6574304)
Accelerometer: (0.5702045,-9.361727,-2.602334)
Accelerometer: (0.558227,-9.407241,-2.6334755)
Accelerometer: (0.5462495,-9.390472,-2.67899)
Accelerometer: (0.5606225,-9.404845,-2.669408)
Accelerometer: (0.5414585,-9.438382,-2.669408)
Accelerometer: (0.558227,-9.366517,-2.621498)
Accelerometer: (0.62051,-9.3761,-2.5184915)
Accelerometer: (0.596555,-9.380891,-2.6191025)
Accelerometer: (0.5749955,-9.431196,-2.616707)
Accelerometer: (0.5797865,-9.4096365,-2.7197134)
Accelerometer: (0.539063,-9.366517,-2.688572)
Accelerometer: (0.5726,-9.364122,-2.5664015)
Accelerometer: (0.591764,-9.4096365,-2.506514)
Accelerometer: (0.615719,-9.481502,-2.525678)
Accelerometer: (0.6516515,-9.364122,-2.525678)
Accelerometer: (0.6181145,-9.309026,-2.58317)
Accelerometer: (0.5654135,-9.378495,-2.5568194)
Accelerometer: (0.610928,-9.352144,-2.635871)
Accelerometer: (0.634883,-9.40245,-2.7053404)
Accelerometer: (0.5797865,-9.368913,-2.6718035)
Accelerometer: (0.5702045,-9.359331,-2.597543)
Accelerometer: (0.5702045,-9.421614,-2.616707)
Accelerometer: (0.5558315,-9.392868,-2.635871)
Accelerometer: (0.5726,-9.435987,-2.693363)
Accelerometer: (0.601346,-9.364122,-2.6861765)
Accelerometer: (0.6229055,-9.407241,-2.6430576)
Accelerometer: (0.5797865,-9.390472,-2.626289)
Accelerometer: (0.6181145,-9.4096365,-2.712527)
Accelerometer: (0.606137,-9.431196,-2.6574304)
Accelerometer: (0.740285,-9.335376,-2.8586526)
Accelerometer: (0.7426805,-9.380891,-2.899376)
Accelerometer: (0.625301,-9.3761,-2.5328646)
Accelerometer: (0.62051,-9.220392,-2.5664015)
Accelerometer: (0.6133235,-9.366517,-2.607125)
Accelerometer: (0.553436,-9.435987,-2.6622214)
Accelerometer: (0.5989505,-9.390472,-2.5807745)
Accelerometer: (0.6181145,-9.380891,-2.496932)
Accelerometer: (0.5845775,-9.378495,-2.597543)
Accelerometer: (0.577391,-9.380891,-2.5903566)
Accelerometer: (0.606137,-9.380891,-2.722109)
Accelerometer: (0.5749955,-9.32819,-2.6238935)
Accelerometer: (0.582182,-9.380891,-2.6238935)
Accelerometer: (0.634883,-9.392868,-2.6718035)
Accelerometer: (0.6756065,-9.330585,-2.6286845)
Accelerometer: (0.706748,-9.342563,-2.6430576)
Accelerometer: (0.649256,-9.440778,-2.688572)
Accelerometer: (0.644465,-9.395264,-2.77481)
Accelerometer: (0.697166,-9.390472,-2.789183)
Accelerometer: (0.6947705,-9.289862,-2.707736)
Accelerometer: (0.6708155,-9.337771,-2.741273)
Accelerometer: (0.649256,-9.390472,-2.755646)
Accelerometer: (0.6660245,-9.373704,-2.722109)
Accelerometer: (0.634883,-9.340167,-2.6334755)
Accelerometer: (0.6372785,-9.366517,-2.731691)
Accelerometer: (0.66842,-9.383286,-2.765228)
Accelerometer: (0.687584,-9.330585,-2.664617)
Accelerometer: (0.682793,-9.352144,-2.6670125)
Accelerometer: (0.6229055,-9.3761,-2.702945)
Accelerometer: (0.6229055,-9.373704,-2.7436686)
Accelerometer: (0.654047,-9.30663,-2.7292955)
Accelerometer: (0.634883,-9.385681,-2.7292955)
Accelerometer: (0.582182,-9.390472,-2.7245045)
Accelerometer: (0.539063,-9.404845,-2.760437)
Accelerometer: (0.5893685,-9.364122,-2.770019)
Accelerometer: (0.6756065,-9.33298,-2.6813855)
Accelerometer: (0.66842,-9.361727,-2.5999384)
Accelerometer: (0.644465,-9.380891,-2.6957586)
Accelerometer: (0.6229055,-9.347354,-2.746064)
Accelerometer: (0.663629,-9.40245,-2.6622214)
Accelerometer: (0.678002,-9.4096365,-2.6957586)
Accelerometer: (0.654047,-9.325794,-2.655035)
Accelerometer: (0.6372785,-9.289862,-2.67899)
Accelerometer: (0.6324875,-9.330585,-2.717318)
Accelerometer: (0.6612335,-9.342563,-2.7292955)
Accelerometer: (0.706748,-9.318607,-2.8299065)
Accelerometer: (0.7043525,-9.361727,-2.7819965)
Accelerometer: (0.6660245,-9.344958,-2.7292955)
Accelerometer: (0.663629,-9.395264,-2.784392)
Accelerometer: (0.6803975,-9.371308,-2.7484596)
Accelerometer: (0.663629,-9.33298,-2.7053404)
Accelerometer: (0.5462495,-9.337771,-2.7388775)
Accelerometer: (0.558227,-9.383286,-2.7819965)
Accelerometer: (0.6660245,-9.340167,-2.7149224)
Accelerometer: (0.7618445,-9.40245,-2.7772055)
Accelerometer: (0.701957,-9.335376,-2.7340865)
Accelerometer: (0.6516515,-9.335376,-2.6861765)
Accelerometer: (0.6420695,-9.359331,-2.7388775)
Accelerometer: (0.663629,-9.361727,-2.722109)
Accelerometer: (0.6516515,-9.325794,-2.7053404)
Accelerometer: (0.6803975,-9.323399,-2.741273)
Accelerometer: (0.682793,-9.32819,-2.712527)
Accelerometer: (0.66842,-9.340167,-2.6957586)
Accelerometer: (0.6660245,-9.335376,-2.760437)
Accelerometer: (0.615719,-9.337771,-2.8059516)
Accelerometer: (0.6037415,-9.368913,-2.8730254)
Accelerometer: (0.6181145,-9.323399,-2.8394885)
Accelerometer: (0.601346,-9.383286,-2.793974)
Accelerometer: (0.5941595,-9.421614,-2.837093)
Accelerometer: (0.649256,-9.347354,-2.6670125)
Accelerometer: (0.6803975,-9.349749,-2.7676234)
Accelerometer: (0.634883,-9.323399,-2.698154)
Accelerometer: (0.610928,-9.273093,-2.750855)
Accelerometer: (0.6468605,-9.3761,-2.7724144)
Accelerometer: (0.678002,-9.395264,-2.7197134)
Accelerometer: (0.6899795,-9.361727,-2.712527)
Accelerometer: (0.701957,-9.32819,-2.693363)
Accelerometer: (0.6947705,-9.371308,-2.7484596)
Accelerometer: (0.6229055,-9.359331,-2.7436686)
Accelerometer: (0.5989505,-9.342563,-2.741273)
Accelerometer: (0.62051,-9.261115,-2.698154)
Accelerometer: (0.663629,-9.33298,-2.793974)
Accelerometer: (0.658838,-9.309026,-2.8538616)
Accelerometer: (0.6468605,-9.400055,-2.880212)
Accelerometer: (0.66842,-9.400055,-2.8059516)
Accelerometer: (0.678002,-9.335376,-2.698154)
Accelerometer: (0.673211,-9.292257,-2.712527)
Accelerometer: (0.71633,-9.340167,-2.7388775)
Accelerometer: (0.6803975,-9.344958,-2.669408)
Accelerometer: (0.6468605,-9.35454,-2.6813855)
Accelerometer: (0.6564425,-9.321003,-2.784392)
Accelerometer: (0.687584,-9.3042345,-2.808347)
Accelerometer: (0.6803975,-9.390472,-2.77481)
Accelerometer: (0.625301,-9.368913,-2.7269)
Accelerometer: (0.5797865,-9.344958,-2.813138)
Accelerometer: (0.6276965,-9.33298,-2.8251154)
Accelerometer: (0.701957,-9.297048,-2.731691)
Accelerometer: (0.6851885,-9.318607,-2.7628324)
Accelerometer: (0.606137,-9.359331,-2.8059516)
Accelerometer: (0.5749955,-9.335376,-2.626289)
Accelerometer: (0.5797865,-9.337771,-2.7580414)
Accelerometer: (0.5989505,-9.378495,-2.803556)
Accelerometer: (0.625301,-9.323399,-2.7772055)
Accelerometer: (0.634883,-9.337771,-2.7676234)
Accelerometer: (0.6372785,-9.3569355,-2.717318)
Accelerometer: (0.6660245,-9.395264,-2.741273)
Accelerometer: (0.6756065,-9.318607,-2.7628324)
Accelerometer: (0.6564425,-9.265906,-2.7580414)
Accelerometer: (0.649256,-9.323399,-2.7963696)
Accelerometer: (0.634883,-9.361727,-2.8251154)
Accelerometer: (0.6420695,-9.35454,-2.760437)
Accelerometer: (0.625301,-9.337771,-2.8011606)
Accelerometer: (0.630092,-9.364122,-2.8203244)
Accelerometer: (0.6372785,-9.397659,-2.8538616)
Accelerometer: (0.6372785,-9.325794,-2.7532506)
Accelerometer: (0.654047,-9.261115,-2.7197134)
Accelerometer: (0.697166,-9.318607,-2.789183)
Accelerometer: (0.7283075,-9.301839,-2.7867875)
Accelerometer: (0.7139345,-9.32819,-2.808347)
Accelerometer: (0.6229055,-9.344958,-2.8442795)
Accelerometer: (0.591764,-9.340167,-2.846675)
Accelerometer: (0.6420695,-9.3042345,-2.803556)
Accelerometer: (0.6564425,-9.32819,-2.741273)
Accelerometer: (0.6181145,-9.371308,-2.7867875)
Accelerometer: (0.62051,-9.321003,-2.904167)
Accelerometer: (0.6516515,-9.299443,-2.841884)
Accelerometer: (0.663629,-9.344958,-2.746064)
Accelerometer: (0.6372785,-9.323399,-2.7292955)
Accelerometer: (0.663629,-9.35454,-2.827511)
Accelerometer: (0.697166,-9.28507,-2.8873985)
Accelerometer: (0.6324875,-9.30663,-2.817929)
Accelerometer: (0.5893685,-9.349749,-2.7819965)
Accelerometer: (0.6085325,-9.349749,-2.817929)
Accelerometer: (0.644465,-9.313816,-2.7963696)
Accelerometer: (0.6612335,-9.3569355,-2.7772055)
Accelerometer: (0.692375,-9.277884,-2.7628324)
Accelerometer: (0.673211,-9.32819,-2.798765)
Accelerometer: (0.649256,-9.347354,-2.8538616)
Accelerometer: (0.634883,-9.273093,-2.803556)
Accelerometer: (0.663629,-9.301839,-2.793974)
Accelerometer: (0.654047,-9.416823,-2.8826075)
Accelerometer: (0.6756065,-9.335376,-2.889794)
Accelerometer: (0.6708155,-9.309026,-2.8490705)
Accelerometer: (0.6085325,-9.275489,-2.798765)
Accelerometer: (0.6612335,-9.342563,-2.82272)
Accelerometer: (0.6516515,-9.321003,-2.7915785)
Accelerometer: (0.644465,-9.309026,-2.8011606)
Accelerometer: (0.673211,-9.323399,-2.8442795)
Accelerometer: (0.6947705,-9.311421,-2.8826075)
Accelerometer: (0.682793,-9.316212,-2.8586526)
Accelerometer: (0.649256,-9.323399,-2.82272)
Accelerometer: (0.6229055,-9.294653,-2.837093)
Accelerometer: (0.663629,-9.335376,-2.880212)
Accelerometer: (0.6947705,-9.3042345,-2.851466)
Accelerometer: (0.6899795,-9.294653,-2.8299065)
Accelerometer: (0.6468605,-9.273093,-2.8346975)
Accelerometer: (0.644465,-9.313816,-2.880212)
Accelerometer: (0.6564425,-9.342563,-2.928122)
Accelerometer: (0.673211,-9.3569355,-2.808347)
Accelerometer: (0.649256,-9.309026,-2.9017715)
Accelerometer: (0.6276965,-9.28507,-2.8538616)
Accelerometer: (0.6420695,-9.270698,-2.889794)
Accelerometer: (0.6756065,-9.309026,-2.899376)
Accelerometer: (0.7043525,-9.364122,-2.885003)
Accelerometer: (0.687584,-9.32819,-2.827511)
Accelerometer: (0.7091435,-9.297048,-2.8059516)
Accelerometer: (0.7283075,-9.337771,-2.846675)
Accelerometer: (0.6947705,-9.3761,-2.908958)
Accelerometer: (0.586973,-9.282675,-2.937704)
Accelerometer: (0.6181145,-9.383286,-2.9113536)
Accelerometer: (0.649256,-9.371308,-2.9592636)
Accelerometer: (0.7235165,-9.340167,-2.8921895)
Accelerometer: (0.7857995,-9.263511,-2.7724144)
Accelerometer: (0.802568,-9.131759,-2.693363)
Accelerometer: (0.7522625,-9.237161,-2.7628324)
Accelerometer: (0.6851885,-9.364122,-2.803556)
Accelerometer: (0.649256,-9.311421,-2.784392)
Accelerometer: (0.6947705,-9.325794,-2.7436686)
Accelerometer: (0.7043525,-9.364122,-2.6718035)
Accelerometer: (0.66842,-9.397659,-2.7340865)
Accelerometer: (0.658838,-9.347354,-2.789183)
Accelerometer: (0.673211,-9.335376,-2.8251154)
Accelerometer: (0.62051,-9.309026,-2.7772055)
Accelerometer: (0.5702045,-9.311421,-2.669408)
Accelerometer: (0.615719,-9.313816,-2.77481)
Accelerometer: (0.634883,-9.359331,-2.7292955)
Accelerometer: (0.6276965,-9.35454,-2.755646)
Accelerometer: (0.6181145,-9.311421,-2.8442795)
Accelerometer: (0.76424,-9.309026,-2.9640546)
Accelerometer: (0.850478,-9.270698,-3.0407104)
Accelerometer: (0.7283075,-9.30663,-2.82272)
Accelerometer: (0.6420695,-9.294653,-2.693363)
Accelerometer: (0.663629,-9.294653,-2.702945)
Accelerometer: (0.7187255,-9.321003,-2.750855)
Accelerometer: (0.76424,-9.342563,-2.813138)
Accelerometer: (0.7235165,-9.321003,-2.8346975)
Accelerometer: (0.8385005,-9.289862,-2.9017715)
Accelerometer: (0.845687,-9.2515335,-2.894585)
Accelerometer: (0.706748,-9.364122,-2.880212)
Accelerometer: (0.6133235,-9.397659,-2.8442795)
Accelerometer: (0.596555,-9.3042345,-2.8059516)
Accelerometer: (0.5606225,-9.256325,-2.899376)
Accelerometer: (0.62051,-9.400055,-3.100598)
Accelerometer: (0.701957,-9.359331,-2.9688456)
Accelerometer: (0.778613,-9.342563,-2.750855)
Accelerometer: (0.807359,-9.239556,-2.7867875)
Accelerometer: (0.8049635,-9.294653,-2.717318)
Accelerometer: (0.7091435,-9.309026,-2.750855)
Accelerometer: (0.6756065,-9.378495,-2.932913)
Accelerometer: (0.682793,-9.337771,-2.8586526)
Accelerometer: (0.6468605,-9.273093,-2.7245045)
Accelerometer: (0.7091435,-9.294653,-2.880212)
Accelerometer: (0.807359,-9.311421,-2.808347)
Accelerometer: (0.7570535,-9.268302,-2.7292955)
Accelerometer: (0.6947705,-9.330585,-2.8155334)
Accelerometer: (0.7091435,-9.234765,-2.817929)
Accelerometer: (0.788195,-9.368913,-2.7340865)
Accelerometer: (0.7378895,-9.3761,-2.7101314)
Accelerometer: (0.7426805,-9.311421,-2.82272)
Accelerometer: (0.749867,-9.321003,-2.808347)
Accelerometer: (0.735494,-9.3042345,-2.8921895)
Accelerometer: (0.7378895,-9.321003,-2.784392)
Accelerometer: (0.740285,-9.244347,-2.8011606)
Accelerometer: (0.792986,-9.342563,-2.8107426)
Accelerometer: (0.807359,-9.342563,-2.770019)
Accelerometer: (0.725912,-9.273093,-2.7819965)
Accelerometer: (0.7187255,-9.33298,-2.827511)
Accelerometer: (0.625301,-9.220392,-2.8586526)
Accelerometer: (0.778613,-9.419218,-2.865839)
Accelerometer: (0.840896,-9.352144,-2.798765)
Accelerometer: (0.86006,-9.342563,-2.7053404)
Accelerometer: (0.759449,-9.30663,-2.717318)
Accelerometer: (0.792986,-9.225183,-2.6909676)
Accelerometer: (0.773822,-9.124572,-2.793974)
Accelerometer: (0.797777,-9.1629,-2.8586526)
Accelerometer: (0.792986,-9.289862,-2.82272)
Accelerometer: (0.745076,-9.395264,-2.659826)
Accelerometer: (0.76424,-9.361727,-2.7388775)
Accelerometer: (0.8193365,-9.313816,-2.976032)
Accelerometer: (0.6899795,-9.249138,-3.0119646)
Accelerometer: (0.6851885,-9.380891,-2.923331)
Accelerometer: (0.8385005,-9.378495,-3.0550835)
Accelerometer: (0.673211,-9.344958,-2.7340865)
Accelerometer: (1.0397224,-9.239556,-3.335357)
Accelerometer: (0.8720375,-9.069475,-2.841884)
Accelerometer: (0.6851885,-9.21081,-2.990405)
Accelerometer: (0.725912,-9.241952,-3.2131865)
Accelerometer: (0.769031,-9.28507,-3.1269486)
Accelerometer: (0.8097545,-9.282675,-3.033524)
Accelerometer: (0.8768285,-9.395264,-3.0407104)
Accelerometer: (0.8624555,-9.194041,-3.086225)
Accelerometer: (0.8241275,-9.177273,-2.947286)
Accelerometer: (0.874433,-9.239556,-2.9640546)
Accelerometer: (0.884015,-9.225183,-2.91854)
Accelerometer: (0.864851,-9.191646,-2.827511)
Accelerometer: (0.8241275,-9.3042345,-2.9161446)
Accelerometer: (0.826523,-9.246742,-2.9832184)
Accelerometer: (0.7953815,-9.294653,-2.947286)
Accelerometer: (0.788195,-9.217997,-2.937704)
Accelerometer: (0.8145455,-9.321003,-2.976032)
Accelerometer: (0.8049635,-9.280279,-2.894585)
Accelerometer: (0.8097545,-9.18446,-2.8921895)
Accelerometer: (0.8193365,-9.225183,-2.889794)
Accelerometer: (0.769031,-9.246742,-2.923331)
Accelerometer: (0.7810085,-9.352144,-2.9448905)
Accelerometer: (0.807359,-9.244347,-2.913749)
Accelerometer: (0.850478,-9.1988325,-2.932913)
Accelerometer: (0.8864105,-9.232369,-2.928122)
Accelerometer: (0.81215,-9.241952,-2.9353085)
Accelerometer: (0.7905905,-9.227578,-3.0550835)
Accelerometer: (0.816941,-9.297048,-3.01436)
Accelerometer: (0.8145455,-9.273093,-3.043106)
Accelerometer: (0.840896,-9.349749,-3.019151)
Accelerometer: (0.826523,-9.253929,-2.961659)
Accelerometer: (0.821732,-9.246742,-2.980823)
Accelerometer: (0.749867,-9.256325,-2.9305174)
Accelerometer: (0.7857995,-9.172482,-2.9400995)
Accelerometer: (0.831314,-9.229974,-3.038315)
Accelerometer: (0.8864105,-9.344958,-3.019151)
Accelerometer: (0.922343,-9.275489,-2.9880095)
Accelerometer: (0.7905905,-9.241952,-2.9784274)
Accelerometer: (0.7043525,-9.155713,-2.9688456)
Accelerometer: (0.8145455,-9.253929,-2.9544725)
Accelerometer: (0.864851,-9.277884,-2.9161446)
Accelerometer: (0.778613,-9.275489,-2.899376)
Accelerometer: (0.721121,-9.201228,-2.8969805)
Accelerometer: (0.7905905,-9.229974,-2.9496815)
Accelerometer: (0.8289185,-9.246742,-3.01436)
Accelerometer: (0.8289185,-9.253929,-3.0215466)
Accelerometer: (0.8337095,-9.28507,-2.9113536)
Accelerometer: (0.7762175,-9.277884,-2.952077)
Accelerometer: (0.8001725,-9.280279,-2.990405)
Accelerometer: (0.845687,-9.220392,-3.004778)
Accelerometer: (0.8241275,-9.256325,-3.0119646)
Accelerometer: (0.8001725,-9.234765,-2.985614)
Accelerometer: (0.8145455,-9.229974,-3.01436)
Accelerometer: (0.8528735,-9.222788,-3.095807)
Accelerometer: (0.8768285,-9.237161,-3.0550835)
Accelerometer: (0.8289185,-9.2515335,-2.952077)
Accelerometer: (0.7714265,-9.2515335,-2.995196)
Accelerometer: (0.788195,-9.172482,-3.0502925)
Accelerometer: (0.8337095,-9.237161,-3.033524)
Accelerometer: (0.797777,-9.263511,-3.0119646)
Accelerometer: (0.783404,-9.21081,-3.0550835)
Accelerometer: (0.8193365,-9.256325,-3.0167556)
Accelerometer: (0.788195,-9.246742,-3.06227)
Accelerometer: (0.807359,-9.174877,-3.0455015)
Accelerometer: (0.845687,-9.222788,-3.095807)
Accelerometer: (0.749867,-9.229974,-3.2083955)
Accelerometer: (0.8385005,-9.287466,-3.0838294)
Accelerometer: (0.831314,-9.294653,-3.0311284)
Accelerometer: (0.7762175,-9.225183,-3.0023825)
Accelerometer: (0.8864105,-9.13655,-3.057479)
Accelerometer: (0.9199475,-9.148527,-3.06227)
Accelerometer: (0.8432915,-9.227578,-2.9928005)
Accelerometer: (0.76424,-9.239556,-3.033524)
Accelerometer: (0.797777,-9.2515335,-3.086225)
Accelerometer: (0.855269,-9.13655,-3.114971)
Accelerometer: (0.903179,-9.229974,-3.047897)
Accelerometer: (0.826523,-9.182064,-3.071852)
Accelerometer: (0.826523,-9.232369,-3.119762)
Accelerometer: (0.855269,-9.18446,-3.028733)
Accelerometer: (0.816941,-9.227578,-3.0455015)
Accelerometer: (0.7570535,-9.229974,-3.1029935)
Accelerometer: (0.802568,-9.28507,-3.1173666)
Accelerometer: (0.840896,-9.21081,-3.057479)
Accelerometer: (0.8145455,-9.25872,-3.019151)
Accelerometer: (0.7714265,-9.239556,-3.0455015)
Accelerometer: (0.855269,-9.215601,-3.091016)
Accelerometer: (0.9391115,-9.179668,-3.091016)
Accelerometer: (0.8912015,-9.256325,-3.148508)
Accelerometer: (0.8001725,-9.249138,-3.076643)
Accelerometer: (0.816941,-9.213205,-3.076643)
Accelerometer: (0.797777,-9.364122,-2.9832184)
Accelerometer: (0.802568,-9.33298,-3.095807)
Accelerometer: (0.807359,-9.287466,-3.076643)
Accelerometer: (0.8624555,-9.299443,-3.100598)
Accelerometer: (0.8289185,-9.301839,-3.0359194)
Accelerometer: (0.802568,-9.385681,-3.0215466)
Accelerometer: (0.8001725,-9.244347,-2.841884)
Accelerometer: (0.7666355,-9.325794,-2.8203244)
Accelerometer: (0.759449,-9.47671,-2.947286)
Accelerometer: (0.850478,-9.488688,-2.971241)
Accelerometer: (0.836105,-9.407241,-2.63108)
Accelerometer: (0.960671,-9.265906,-2.6765945)
Accelerometer: (1.0445135,-9.424009,-2.6526394)
Accelerometer: (1.037327,-9.217997,-2.760437)
Accelerometer: (0.998999,-9.464733,-2.693363)
Accelerometer: (0.931925,-9.244347,-2.5232825)
Accelerometer: (0.975044,-8.940119,-3.0071735)
Accelerometer: (0.917552,-9.440778,-3.2036045)
Accelerometer: (0.8001725,-9.404845,-3.2036045)
Accelerometer: (0.884015,-10.849332,-2.0873015)
Accelerometer: (0.855269,-12.097387,0.5573305)
Accelerometer: (1.233758,-6.997368,-0.8991335)
Accelerometer: (1.875752,-10.319926,-1.4069794)
Accelerometer: (1.4613305,-9.630022,-0.259535)
Accelerometer: (1.540382,-8.760456,-0.2140205)
Accelerometer: (1.4804945,-9.692306,-0.824873)
Accelerometer: (1.5906875,-9.874364,-1.069214)
Accelerometer: (1.4709125,-10.214524,-0.853619)
Accelerometer: (1.3559285,-10.020489,-0.408056)
Accelerometer: (1.468517,-9.919878,0.5094205)
Accelerometer: (1.449353,-9.256325,1.335868)
Accelerometer: (1.612247,-8.995215,1.934743)
Accelerometer: (1.6481795,-9.253929,2.2437625)
Accelerometer: (1.8014915,-9.51983,1.7790354)
Accelerometer: (1.588292,-9.596485,2.097637)
Accelerometer: (1.564337,-9.455151,2.490499)
Accelerometer: (1.3511375,-9.225183,3.1540525)
Accelerometer: (1.3942565,-8.892208,3.4079754)
Accelerometer: (1.1786615,-9.069475,3.7433455)
Accelerometer: (0.9918125,-9.091035,4.047574)
Accelerometer: (1.262504,-9.194041,3.779278)
Accelerometer: (1.142729,-9.150923,4.1074615)
Accelerometer: (0.9918125,-8.346034,4.493137)
Accelerometer: (1.2265714,-8.810761,4.718314)
Accelerometer: (1.176266,-8.760456,4.957864)
Accelerometer: (1.5811055,-8.437063,4.953073)
Accelerometer: (1.185848,-7.3830433,5.8801317)
Accelerometer: (0.922343,-6.8272877,6.6946015)
Accelerometer: (0.979835,-6.5973196,7.14256)
Accelerometer: (0.931925,-5.996049,7.5090714)
Accelerometer: (0.8385005,-6.2763224,6.8479133)
Accelerometer: (0.922343,-7.9196353,6.610759)
Accelerometer: (1.2553174,-7.5938473,6.792817)
Accelerometer: (0.725912,-3.7802114,9.085311)
Accelerometer: (0.936716,-3.0088606,8.393011)
Accelerometer: (0.625301,-3.475983,8.862529)
Accelerometer: (1.4134206,-4.9923344,7.549795)
Accelerometer: (0.6420695,-5.449875,9.176339)
Accelerometer: (0.630092,-3.8233304,9.29851)
Accelerometer: (1.0972145,-2.153667,8.325937)
Accelerometer: (0.6995615,-0.9151935,9.478172)
Accelerometer: (0.0096575,-0.802605,11.33229)
Accelerometer: (-0.356854,-0.601383,9.926131)
Accelerometer: (1.181057,-1.5571876,7.899538)
Accelerometer: (0.4839665,-2.2854195,11.286775)
Accelerometer: (0.0623585,-1.938072,9.408703)
Accelerometer: (1.4517485,-1.9069304,8.067223)
Accelerometer: (-0.428719,1.741416,12.50848)
Accelerometer: (0.385751,1.865982,9.732096)
Accelerometer: (0.9247385,-2.3764484,9.327256)
Accelerometer: (-0.189169,-1.4374125,10.251919)
Accelerometer: (0.471989,0.1052895,9.710536)
Accelerometer: (0.505526,0.0477975,9.92134)
Accelerometer: (0.5749955,-0.218103,9.990809)
Accelerometer: (0.5654135,-1.1930715,9.827915)
Accelerometer: (0.5127125,-1.7200814,9.669812)
Accelerometer: (0.6133235,-0.5702415,9.871035)
Accelerometer: (0.721121,-0.3163185,9.835102)
Accelerometer: (0.3354455,-1.166721,9.875826)
Accelerometer: (0.323468,-1.022991,9.787192)
Accelerometer: (1.013372,-0.7906275,10.002787)
Accelerometer: (0.7666355,-4.0485077,9.576388)
Accelerometer: (0.438452,-1.1403705,9.533269)
Accelerometer: (0.922343,0.2921385,9.926131)
Accelerometer: (0.5558315,-0.122283,10.0626745)
Accelerometer: (0.6468605,-0.3738105,9.964459)
Accelerometer: (0.888806,-1.329615,9.808751)
Accelerometer: (0.8720375,-0.946335,9.890199)
Accelerometer: (0.6995615,-0.026463,9.89978)
Accelerometer: (0.644465,-0.553473,9.926131)
Accelerometer: (0.5941595,-1.4853225,9.892594)
Accelerometer: (0.7474715,-1.3655475,9.70814)
Accelerometer: (0.8864105,-0.601383,9.772819)
Accelerometer: (0.7762175,-0.4265115,9.116452)
Accelerometer: (0.5989505,-1.1403705,9.698559)
Accelerometer: (0.8001725,-0.6468975,10.563334)
Accelerometer: (0.52469,-1.152348,10.489074)
Accelerometer: (0.242021,-0.481608,10.311807)
Accelerometer: (0.136619,-0.366624,10.053093)
Accelerometer: (0.86006,-1.698522,8.929603)
Accelerometer: (0.8959925,-1.607493,9.58597)
Accelerometer: (0.7378895,-0.3546465,10.141726)
Accelerometer: (0.644465,-0.7043895,9.923736)
Accelerometer: (0.7953815,-0.6756435,9.926131)
Accelerometer: (0.596555,-0.5462865,9.906967)
Accelerometer: (0.606137,-0.5702415,9.859057)
Accelerometer: (0.6851885,-1.1212065,9.787192)
Accelerometer: (0.663629,-1.128393,9.832706)
Accelerometer: (0.7618445,-0.5462865,9.92134)
Accelerometer: (0.8337095,-0.836142,9.863848)
Accelerometer: (0.769031,-1.0589235,9.796774)
Accelerometer: (0.8049635,-0.7187625,9.820729)
Accelerometer: (0.7330985,-0.7762545,9.866243)
Accelerometer: (0.6564425,-0.9295665,9.87343)
Accelerometer: (0.7666355,-0.8289555,9.835102)
Accelerometer: (0.8289185,-0.6852255,9.842289)
Accelerometer: (0.773822,-0.6708525,9.837498)
Accelerometer: (0.7283075,-0.831351,9.851871)
Accelerometer: (0.749867,-0.9439395,9.789588)
Accelerometer: (0.8528735,-0.764277,9.849475)
Accelerometer: (0.76424,-0.769068,9.861452)
Accelerometer: (0.6947705,-1.027782,9.808751)
Accelerometer: (0.783404,-1.0182,9.784797)
Accelerometer: (0.759449,-0.9104025,9.813542)
Accelerometer: (0.826523,-0.7906275,9.813542)
Accelerometer: (0.7953815,-0.8385375,9.813542)
Accelerometer: (0.6899795,-0.8097915,9.89978)
Accelerometer: (0.754658,-0.797814,9.866243)
Accelerometer: (0.9151565,-0.860097,9.554829)
Accelerometer: (0.8001725,-1.0253865,9.27216)
Accelerometer: (0.8001725,-0.951126,10.628013)
Accelerometer: (0.6516515,-0.7187625,10.342948)
Accelerometer: (0.5222945,-0.975081,10.036324)
Accelerometer: (0.6995615,-0.87447,9.765633)
Accelerometer: (0.649256,-0.788232,9.686581)
Accelerometer: (0.754658,-1.0493416,9.58597)
Accelerometer: (0.9439025,-0.773859,9.837498)
Accelerometer: (0.7283075,-0.8433285,9.971645)
Accelerometer: (0.7857995,-0.941544,9.775214)
Accelerometer: (0.788195,-0.6181515,9.844684)
Accelerometer: (0.836105,-0.5031675,9.861452)
Accelerometer: (0.7810085,-0.807396,9.815938)
Accelerometer: (0.730703,-0.845724,9.823125)
Accelerometer: (0.6995615,-0.9439395,9.854266)
Accelerometer: (0.7857995,-0.783441,9.885407)
Accelerometer: (0.783404,-0.836142,9.861452)
Accelerometer: (0.7426805,-0.840933,9.815938)
Accelerometer: (0.76424,-0.692412,9.830311)
Accelerometer: (0.730703,-0.668457,9.868639)
Accelerometer: (0.721121,-0.7331355,9.902176)
Accelerometer: (0.711539,-0.7283445,9.871035)
Accelerometer: (0.735494,-0.807396,9.803961)
Accelerometer: (0.76424,-0.8529105,9.823125)
Accelerometer: (0.7426805,-0.68283,9.87343)
Accelerometer: (0.7666355,-0.7043895,9.883012)
Accelerometer: (0.730703,-0.783441,9.885407)
Accelerometer: (0.721121,-0.788232,9.883012)
Accelerometer: (0.7666355,-0.6756435,9.842289)
Accelerometer: (0.759449,-0.7714635,9.832706)
Accelerometer: (0.783404,-0.7139715,9.842289)
Accelerometer: (0.7618445,-0.6229425,9.89499)
Accelerometer: (0.7235165,-0.6612705,9.878221)
Accelerometer: (0.6995615,-0.816978,9.839893)
Accelerometer: (0.706748,-0.864888,9.839893)
Accelerometer: (0.7378895,-0.701994,9.868639)
Accelerometer: (0.7187255,-0.701994,9.885407)
Accelerometer: (0.725912,-0.8193735,9.837498)
Accelerometer: (0.7139345,-0.8050005,9.851871)
Accelerometer: (0.7522625,-0.7235535,9.89499)
Accelerometer: (0.7618445,-0.7618815,9.868639)
Accelerometer: (0.7522625,-0.807396,9.839893)
Accelerometer: (0.7666355,-0.8720745,9.791983)
Accelerometer: (0.7762175,-0.927171,9.808751)
Accelerometer: (1.0013945,-0.8193735,8.994282)
Accelerometer: (0.5606225,-1.157139,10.673527)
Accelerometer: (0.644465,-0.3642285,10.443559)
Accelerometer: (0.280349,-0.7810455,10.036324)
Accelerometer: (0.543854,-0.749904,9.832706)
Accelerometer: (0.5558315,-0.7618815,9.808751)
Accelerometer: (0.6133235,-0.9008205,9.744073)
Accelerometer: (1.0684685,-1.0972515,9.552433)
Accelerometer: (0.7570535,-0.908007,9.902176)
Accelerometer: (0.754658,-0.7475085,9.897385)
Accelerometer: (0.740285,-0.7714635,9.871035)
Accelerometer: (0.730703,-0.7906275,9.827915)
Accelerometer: (0.7235165,-0.816978,9.823125)
Accelerometer: (0.735494,-0.7187625,9.890199)
Accelerometer: (0.754658,-0.797814,9.818334)
Accelerometer: (0.6851885,-0.941544,9.875826)
Accelerometer: (0.7187255,-0.869679,9.832706)
Accelerometer: (0.725912,-0.869679,9.854266)
Accelerometer: (0.725912,-0.8193735,9.818334)
Accelerometer: (0.6899795,-0.8529105,9.89499)
Accelerometer: (0.701957,-0.860097,9.847079)
Accelerometer: (0.7139345,-0.7810455,9.883012)
Accelerometer: (0.7235165,-0.6948075,9.887803)
Accelerometer: (0.678002,-0.7139715,9.851871)
Accelerometer: (0.6947705,-0.8050005,9.811147)
Accelerometer: (0.71633,-0.759486,9.880616)
Accelerometer: (0.701957,-0.6133605,9.918944)
Accelerometer: (0.71633,-0.7139715,9.859057)
Accelerometer: (0.682793,-0.716367,9.842289)
Accelerometer: (0.6756065,-0.678039,9.861452)
Accelerometer: (0.6756065,-0.7091805,9.878221)
Accelerometer: (0.687584,-0.6516885,9.926131)
Accelerometer: (0.7235165,-0.68283,9.856662)
Accelerometer: (0.71633,-0.764277,9.842289)
Accelerometer: (0.7378895,-0.725949,9.868639)
Accelerometer: (0.7139345,-0.7187625,9.87343)
Accelerometer: (0.6564425,-0.6564795,9.92134)
Accelerometer: (0.697166,-0.735531,9.863848)
Accelerometer: (0.735494,-0.754695,9.827915)
Accelerometer: (0.697166,-0.783441,9.878221)
Accelerometer: (0.740285,-0.663666,9.892594)
Accelerometer: (0.792986,-0.6373155,9.87343)
Accelerometer: (0.701957,-0.678039,9.851871)
Accelerometer: (0.7139345,-0.7522995,9.837498)
Accelerometer: (0.6660245,-0.788232,9.880616)
Accelerometer: (0.711539,-0.701994,9.880616)
Accelerometer: (0.711539,-0.7331355,9.87343)
Accelerometer: (0.754658,-0.7666725,9.844684)
Accelerometer: (0.7378895,-0.7379265,9.883012)
Accelerometer: (0.697166,-0.692412,9.885407)
Accelerometer: (0.721121,-0.7283445,9.87343)
Accelerometer: (0.7091435,-0.821769,9.842289)
Accelerometer: (0.7762175,-0.7235535,9.844684)
Accelerometer: (0.740285,-0.639711,9.887803)
Accelerometer: (0.7187255,-0.6804345,9.887803)
Accelerometer: (0.7283075,-0.7235535,9.866243)
Accelerometer: (0.759449,-0.716367,9.82552)
Accelerometer: (0.7378895,-0.620547,9.89499)
Accelerometer: (0.711539,-0.2540355,9.116452)
Accelerometer: (0.855269,-1.382316,10.124957)
Accelerometer: (0.7762175,-0.457653,10.242337)
Accelerometer: (0.4073105,-0.831351,10.211196)
Accelerometer: (0.3737735,-0.7187625,9.993205)
Accelerometer: (0.658838,-0.788232,9.964459)
Accelerometer: (0.749867,-0.7666725,10.0626745)
Accelerometer: (0.2108795,-0.500772,10.026742)
Accelerometer: (1.0732595,-1.013409,9.133221)
Accelerometer: (0.821732,-0.663666,9.930922)
Accelerometer: (0.6564425,-0.5846145,10.007578)
Accelerometer: (0.7426805,-0.625338,9.808751)
Accelerometer: (0.6324875,-0.6852255,9.928527)
Accelerometer: (0.721121,-0.5367045,9.842289)
Accelerometer: (0.663629,-0.6468975,9.87343)
Accelerometer: (0.6947705,-0.903216,9.830311)
Accelerometer: (0.7235165,-0.73074,9.878221)
Accelerometer: (0.76424,-0.6948075,9.87343)
Accelerometer: (0.7139345,-0.8289555,9.859057)
Accelerometer: (0.673211,-0.7331355,9.844684)
Accelerometer: (0.6612335,-0.5941965,9.902176)
Accelerometer: (0.697166,-0.6468975,9.892594)
Accelerometer: (0.725912,-0.6373155,9.885407)
Accelerometer: (0.711539,-0.7331355,9.871035)
Accelerometer: (0.706748,-0.7283445,9.871035)
Accelerometer: (0.7187255,-0.6564795,9.866243)
Accelerometer: (0.7187255,-0.701994,9.859057)
Accelerometer: (0.730703,-0.716367,9.871035)
Accelerometer: (0.749867,-0.639711,9.868639)
Accelerometer: (0.7043525,-0.716367,9.897385)
Accelerometer: (0.7139345,-0.6948075,9.871035)
Accelerometer: (0.7091435,-0.6468975,9.854266)
Accelerometer: (0.7043525,-0.6804345,9.909363)
Accelerometer: (0.71633,-0.735531,9.885407)
Accelerometer: (0.721121,-0.769068,9.847079)
Accelerometer: (0.745076,-0.8145825,9.830311)
Accelerometer: (0.697166,-0.692412,9.933317)
Accelerometer: (0.71633,-0.644502,9.890199)
Accelerometer: (0.7474715,-0.745113,9.859057)
Accelerometer: (0.778613,-0.7714635,9.839893)
Accelerometer: (0.745076,-0.816978,9.844684)
Accelerometer: (0.7139345,-0.68283,9.89978)
Accelerometer: (0.773822,-0.7187625,9.885407)
Accelerometer: (0.721121,-0.821769,9.863848)
Accelerometer: (0.706748,-0.7762545,9.866243)
Accelerometer: (0.71633,-0.82656,9.847079)
Accelerometer: (0.7857995,-0.759486,9.863848)
Accelerometer: (0.778613,-0.773859,9.827915)
Accelerometer: (0.5749955,-0.7331355,9.099684)
Accelerometer: (0.855269,-1.1403705,9.68179)
Accelerometer: (0.8816195,-0.414534,10.11298)
Accelerometer: (0.52469,-0.6852255,9.974041)
Accelerometer: (0.47678,-0.687621,9.859057)
Accelerometer: (0.529481,-0.610965,10.0626745)
Accelerometer: (0.6612335,-0.5606595,9.945295)
Accelerometer: (0.6420695,-0.649293,9.997996)
Accelerometer: (0.385751,-1.1068335,10.213591)
Accelerometer: (0.400124,-1.147557,10.211196)
Accelerometer: (0.4648025,-0.5702415,10.084234)
Accelerometer: (0.3306545,-0.4696305,10.201613)
Accelerometer: (-0.0478345,-0.2252895,10.060279)
Accelerometer: (1.502054,-1.300869,8.670889)
Accelerometer: (1.0013945,-0.735531,9.89978)
Accelerometer: (0.615719,-0.4840035,10.117771)
Accelerometer: (0.71633,-0.7762545,9.791983)
Accelerometer: (0.6372785,-0.8529105,9.844684)
Accelerometer: (0.759449,-0.8289555,9.815938)
Accelerometer: (0.687584,-0.8481195,9.854266)
Accelerometer: (0.6756065,-0.7810455,9.892594)
Accelerometer: (0.673211,-0.9008205,9.861452)
Accelerometer: (0.711539,-0.898425,9.813542)
Accelerometer: (0.678002,-0.8720745,9.861452)
Accelerometer: (0.6420695,-0.836142,9.871035)
Accelerometer: (0.678002,-0.941544,9.815938)
Accelerometer: (0.6803975,-0.9343575,9.839893)
Accelerometer: (0.7426805,-0.68283,9.885407)
Accelerometer: (0.71633,-0.6995985,9.914153)
Accelerometer: (0.6803975,-0.87447,9.863848)
Accelerometer: (0.7522625,-0.8097915,9.839893)
Accelerometer: (0.769031,-0.73074,9.878221)
Accelerometer: (0.7139345,-0.788232,9.883012)
Accelerometer: (0.692375,-0.8002095,9.897385)
Accelerometer: (0.725912,-0.8002095,9.880616)
Accelerometer: (0.754658,-0.869679,9.79917)
Accelerometer: (0.7330985,-0.8481195,9.887803)
Accelerometer: (0.7570535,-0.7475085,9.89499)
Accelerometer: (0.745076,-0.8241645,9.856662)
Accelerometer: (0.7187255,-0.8529105,9.842289)
Accelerometer: (0.7378895,-0.759486,9.871035)
Accelerometer: (0.7139345,-0.879261,9.87343)
Accelerometer: (0.7378895,-0.7954185,9.847079)
Accelerometer: (0.5270855,-0.4983765,8.519973)
Accelerometer: (1.008581,-1.650612,9.760841)
Accelerometer: (0.673211,-0.975081,10.366903)
Accelerometer: (0.4552205,-0.448071,10.249523)
Accelerometer: (0.390542,-0.7714635,10.024346)
Accelerometer: (0.251603,-0.869679,9.978832)
Accelerometer: (0.515108,-0.8912385,10.170472)
Accelerometer: (0.5366675,-0.8337465,10.172868)
Accelerometer: (0.654047,-0.5846145,10.333366)
Accelerometer: (0.47678,-0.534309,9.308092)
Accelerometer: (0.9774395,-1.6098886,9.284137)
Accelerometer: (0.6995615,-0.716367,10.089025)
