Gyroscope: (0.13425,0.048311,-0.020294998)
Gyroscope: (0.109755,-6.7899935E-4,-0.0053850003)
Gyroscope: (0.033075,0.003581,0.0052649975)
Gyroscope: (0.02775,0.030206,0.011654999)
Gyroscope: (0.04905,0.022751,0.043605)
Gyroscope: (0.07248,0.009971,0.071295)
Gyroscope: (0.105495,0.007841,0.073424995)
Gyroscope: (0.04905,-0.040084,0.07662)
Gyroscope: (-0.009524997,-0.043279,0.067035)
Gyroscope: (0.025620002,-0.024108998,0.024434999)
Gyroscope: (0.007515,-0.024108998,0.019109998)
Gyroscope: (0.030945001,-0.0028090002,-0.008580003)
Gyroscope: (0.020295002,0.015296,-0.028815005)
Gyroscope: (-0.067035,3.860006E-4,-0.014970001)
Gyroscope: (-0.10644,-0.010264,-0.012840003)
Gyroscope: (-0.103245,-0.032629,-0.006450001)
Gyroscope: (-0.081945,-0.041149,0.00846)
Gyroscope: (-0.037215002,-0.018784,-0.021359999)
Gyroscope: (-0.177795,-0.013458999,-0.038399998)
Gyroscope: (-0.37056,-0.025174,-0.028815005)
Gyroscope: (-0.45576,-0.031564,-0.04053)
Gyroscope: (-0.4089,-0.032629,-0.034140002)
Gyroscope: (-0.30772498,-0.049669,-0.034140002)
Gyroscope: (-0.31731,-0.092269,-0.0053850003)
Gyroscope: (-0.320505,-0.078424,0.028694998)
Gyroscope: (-0.26938498,-0.033694,0.015914999)
Gyroscope: (-0.27258,-0.035824,0.016979998)
Gyroscope: (-0.365235,-0.061384,0.040409997)
Gyroscope: (-0.42806998,-0.081619,0.074489996)
Gyroscope: (-0.31731,-0.094399,0.086205)
Gyroscope: (-0.21081,-0.099724,0.049994998)
Gyroscope: (-0.350325,-0.12315401,0.037215)
Gyroscope: (-0.61870503,-0.14764899,0.08088)
Gyroscope: (-0.69645,-0.13486901,0.079815)
Gyroscope: (-0.66769505,-0.109309,0.03828)
Gyroscope: (-0.57930005,-0.077359,-0.0011250004)
Gyroscope: (-0.524985,-0.075229,0.01272)
Gyroscope: (-0.648525,-0.135934,0.056385)
Gyroscope: (-0.774195,-0.166819,0.049994998)
Gyroscope: (-0.84129,-0.19770399,-0.026685003)
Gyroscope: (-1.0223399,-0.23391399,-0.02349)
Gyroscope: (-1.095825,-0.208354,-0.03201)
Gyroscope: (-1.0532249,-0.056059003,-0.034140002)
Gyroscope: (-1.01169,0.126056,0.14158499)
Gyroscope: (-1.010625,0.100496,0.243825)
Gyroscope: (-1.078785,-0.057123996,0.162885)
Gyroscope: (-1.123515,-0.16362399,-0.022425)
Gyroscope: (-1.291785,-0.246694,-0.20454)
Gyroscope: (-1.532475,-0.321244,-0.220515)
Gyroscope: (-2.2833002,-0.348934,-0.08738999)
Gyroscope: (-2.0106602,-0.21367899,0.0063299984)
Gyroscope: (-0.84448504,-0.066709,-0.121470004)
Gyroscope: (-0.93501,-0.138064,-0.07248001)
Gyroscope: (-1.2129749,-0.154039,0.02976)
Gyroscope: (-1.42704,-0.25627902,0.11283)
Gyroscope: (-1.5676199,-0.349999,0.18312)
Gyroscope: (-1.404675,-0.316984,0.171405)
Gyroscope: (-0.99465007,-0.158299,0.18099)
Gyroscope: (-0.942465,-0.250954,0.25767)
Gyroscope: (-0.75183004,-0.332959,0.31305)
Gyroscope: (0.016035002,-0.355324,0.169275)
Gyroscope: (-1.3461,-0.371299,0.205485)
Gyroscope: (-2.4579601,-0.19557399,0.280035)
Gyroscope: (-2.44944,-0.14764899,0.27364498)
Gyroscope: (-2.3014052,-0.112504,0.33541498)
Gyroscope: (-2.052195,-0.17533901,0.10431)
Gyroscope: (-2.190645,-0.283969,-0.079935)
Gyroscope: (-2.4132302,-0.373429,0.062775)
Gyroscope: (-2.4750001,-0.282904,0.248085)
Gyroscope: (-2.14698,-0.12954399,0.32369998)
Gyroscope: (-2.4537,-0.111439,0.23211001)
Gyroscope: (-2.80302,-0.295684,0.26406)
Gyroscope: (-2.7976952,-0.36277902,0.33754498)
Gyroscope: (-2.59215,-0.293554,0.30985498)
Gyroscope: (-2.3898,-0.194509,0.29707497)
Gyroscope: (-2.488845,-0.196639,0.245955)
Gyroscope: (-2.3450701,-0.321244,0.2172)
Gyroscope: (-2.1725402,-0.242434,0.14904)
Gyroscope: (-1.97232,-0.112504,0.16182)
Gyroscope: (-1.94889,-0.114634,0.314115)
Gyroscope: (-2.1246152,-0.21580899,0.29601)
Gyroscope: (-1.8807299,-0.18705401,0.10644)
Gyroscope: (-1.272615,-0.040084,0.009524997)
Gyroscope: (-1.1107349,-0.023044001,0.08727)
Gyroscope: (-0.95631003,-0.011328999,0.203355)
Gyroscope: (-0.91264504,-0.083748996,-0.012840003)
Gyroscope: (-0.870045,-0.329764,-0.133185)
Gyroscope: (-0.65811,-0.283969,-0.054375004)
Gyroscope: (-0.382275,-0.040084,0.17779501)
Gyroscope: (-0.30985498,0.079196,0.2172)
Gyroscope: (-0.288555,0.025946,0.137325)
Gyroscope: (-0.224655,-0.011328999,0.077685)
Gyroscope: (-0.22784999,-0.057123996,0.086205)
Gyroscope: (-0.29388,-0.107179,0.014849998)
Gyroscope: (-0.4089,-0.086944,-0.061830003)
Gyroscope: (-0.61338,0.061091002,0.05958)
Gyroscope: (-0.533505,-0.034759,0.0063299984)
Gyroscope: (-0.507945,-0.128479,-0.03201)
Gyroscope: (-0.422745,-0.058188997,0.019109998)
Gyroscope: (-0.31731,-0.010264,0.092594996)
Gyroscope: (-0.30559498,-0.009198999,0.05532)
Gyroscope: (-0.40783498,-0.058188997,-0.028815005)
Gyroscope: (-0.456825,-0.12954399,-0.08951999)
Gyroscope: (-0.36203998,-0.045409,-0.06396)
Gyroscope: (-0.31943998,0.077066,0.047865)
Gyroscope: (-0.31943998,0.13031599,0.07236)
Gyroscope: (-0.280035,0.041921,0.015914999)
Gyroscope: (-0.352455,-0.115699,0.013784997)
Gyroscope: (-0.152235,0.008906,0.094725)
Gyroscope: (-0.10431,0.109016,0.132)
Gyroscope: (-0.20016,0.019556,0.091529995)
Gyroscope: (-0.16714501,-0.030499,0.05319)
Gyroscope: (-0.098984994,0.036596,0.101115)
Gyroscope: (-0.09791999,0.088781,0.077685)
Gyroscope: (-0.260865,0.064286,-0.074609995)
Gyroscope: (-0.299205,0.025946,-0.052245002)
Gyroscope: (-0.34180498,0.024881002,-0.02349)
Gyroscope: (-0.10857,-0.0038740002,-0.013905)
Gyroscope: (-0.018045,0.047246,-0.02349)
Gyroscope: (-0.056384996,0.066415995,-0.029879998)
Gyroscope: (-0.045735,-0.019849,-0.073544994)
Gyroscope: (0.028815001,-0.12741399,-0.082065)
Gyroscope: (-0.013785001,-0.158299,-0.092714995)
Gyroscope: (0.04053,-0.098659,-0.030945)
Gyroscope: (0.02136,-0.039019,0.011654999)
Gyroscope: (-0.05106,-0.035824,0.03828)
Gyroscope: (-0.041474998,-0.028368998,0.030824998)
Gyroscope: (-0.01698,-0.010264,0.028694998)
Gyroscope: (-0.062775,-0.023044001,0.016979998)
Gyroscope: (-0.057449996,-0.037954,-0.009645)
Gyroscope: (-0.01698,-0.015589001,-0.012840003)
Gyroscope: (-0.01698,0.015296,0.02763)
Gyroscope: (-0.04254,0.012101,0.018044999)
Gyroscope: (-0.01698,-0.017719,-0.036270004)
Gyroscope: (0.006450001,-0.017719,-0.036270004)
Gyroscope: (-0.01272,-6.7899935E-4,-0.02349)
Gyroscope: (-0.031889997,-0.006004,-0.026685003)
Gyroscope: (-0.023369998,-0.026239,-0.02349)
Gyroscope: (-0.027630001,-0.021979,-0.004320003)
Gyroscope: (-0.035085,0.016361,0.013784997)
Gyroscope: (-0.029759996,0.025946,0.014849998)
Gyroscope: (-0.057449996,0.003581,0.011654999)
Gyroscope: (-0.060645,0.0057110004,0.019109998)
Gyroscope: (-0.028695002,0.030206,0.035085)
Gyroscope: (-0.023369998,0.009971,0.03615)
Gyroscope: (-0.03402,-0.009198999,0.02976)
Gyroscope: (-0.05958,-0.004939,0.020174999)
Gyroscope: (-0.08514,0.017426,-0.0011250004)
Gyroscope: (-0.100049995,0.018491,-0.017100003)
Gyroscope: (-0.09791999,-0.006004,0.0010049976)
Gyroscope: (-0.058514997,-0.006004,0.010589998)
Gyroscope: (-0.045735,0.019556,0.010589998)
Gyroscope: (-0.064905,0.025946,0.010589998)
Gyroscope: (-0.06384,-0.0017439993,0.0031349994)
Gyroscope: (-0.03615,-6.7899935E-4,0.013784997)
Gyroscope: (-0.035085,0.0046460005,0.013784997)
Gyroscope: (-0.0681,-0.027304001,-0.016035002)
Gyroscope: (-0.10431,-0.082684,-0.024555001)
Gyroscope: (-0.093660004,-0.089074,0.022304999)
Gyroscope: (-0.022305,-0.075229,0.04254)
Gyroscope: (0.039465003,-0.053929,-0.011775002)
Gyroscope: (0.054375,-0.015589001,-0.034140002)
Gyroscope: (0.01923,0.030206,0.0063299984)
Gyroscope: (-0.03402,0.033400998,0.0063299984)
Gyroscope: (-0.019109998,-0.023044001,-0.022425)
Gyroscope: (-0.0042000003,-0.050734,-0.024555001)
Gyroscope: (0.010710001,-0.020914,-0.0011250004)
Gyroscope: (0.020295002,0.0046460005,0.0010049976)
Gyroscope: (0.04053,-0.021979,-0.010710001)
Gyroscope: (0.04692,-0.042214,-0.010710001)
Gyroscope: (0.037335,-0.029434,-0.006450001)
Gyroscope: (0.013905002,-0.011328999,-0.0032550022)
Gyroscope: (0.011775,-0.0038740002,-0.0032550022)
Gyroscope: (0.006450001,3.860006E-4,0.0020699985)
Gyroscope: (-0.00846,-0.011328999,0.0042000003)
Gyroscope: (0.0053850003,-0.015589001,0.0063299984)
Gyroscope: (0.012840001,-0.0017439993,-0.0011250004)
Gyroscope: (-0.0063299984,-0.0017439993,-0.008580003)
Gyroscope: (-0.0073949993,-0.017719,-0.0032550022)
Gyroscope: (0.02136,-0.009198999,-5.9999526E-5)
Gyroscope: (0.011775,-0.010264,-0.0021900013)
Gyroscope: (-0.014849998,-0.004939,0.0063299984)
Gyroscope: (-0.013785001,0.0014510006,-5.9999526E-5)
Gyroscope: (-0.0010049976,-0.0038740002,-0.008580003)
Gyroscope: (-0.0042000003,-0.006004,-0.010710001)
Gyroscope: (-0.018045,-0.007068999,-0.021359999)
Gyroscope: (-0.01698,-0.0038740002,-0.010710001)
Gyroscope: (-0.0063299984,-6.7899935E-4,0.01272)
Gyroscope: (-0.0255,-0.0017439993,0.0042000003)
Gyroscope: (-0.026565,-0.012394,-0.007515002)
Gyroscope: (-0.018045,-0.006004,0.0010049976)
Gyroscope: (-0.022305,0.0057110004,0.0020699985)
Gyroscope: (-0.035085,-0.0038740002,-0.012840003)
Gyroscope: (-0.032955,-0.009198999,-0.004320003)
Gyroscope: (-0.032955,0.0057110004,0.013784997)
Gyroscope: (-0.038280003,0.0046460005,0.01272)
Gyroscope: (-0.026565,-0.017719,-0.010710001)
Gyroscope: (-0.032955,-0.014524,-0.013905)
Gyroscope: (-0.029759996,0.0014510006,-0.0011250004)
Gyroscope: (-0.013785001,-0.006004,0.009524997)
Gyroscope: (0.0011250004,-0.011328999,0.0073949993)
Gyroscope: (-0.0020699985,-0.006004,-0.0032550022)
Gyroscope: (0.0021900013,-0.004939,-0.009645)
Gyroscope: (-0.0063299984,-0.009198999,-0.004320003)
Gyroscope: (-0.028695002,-0.016654,-0.0021900013)
Gyroscope: (-0.02124,-0.006004,-0.014970001)
Gyroscope: (0.010710001,0.014231,-0.008580003)
Gyroscope: (0.009645,0.015296,-0.0032550022)
Gyroscope: (0.0043199994,0.002516,-0.007515002)
Gyroscope: (0.025620002,-0.0017439993,0.0063299984)
Gyroscope: (0.008580001,0.013166,0.014849998)
Gyroscope: (-0.018045,0.015296,0.0063299984)
Gyroscope: (-0.022305,0.017426,-0.0032550022)
Gyroscope: (-0.023369998,0.022751,-0.0053850003)
Gyroscope: (-0.01698,0.035531,0.010589998)
Gyroscope: (-0.00846,0.023816,0.018044999)
Gyroscope: (0.0011250004,-0.012394,0.0020699985)
Gyroscope: (0.013905002,-0.015589001,-5.9999526E-5)
Gyroscope: (0.013905002,-0.009198999,0.0010049976)
Gyroscope: (0.0032550022,-0.015589001,-0.013905)
Gyroscope: (-0.0020699985,-0.018784,-0.02349)
Gyroscope: (-0.0063299984,-0.007068999,-0.010710001)
Gyroscope: (-0.024434999,-0.010264,-0.004320003)
Gyroscope: (-0.03402,-0.015589001,-0.008580003)
Gyroscope: (-0.026565,-0.006004,-0.0053850003)
Gyroscope: (-0.035085,0.0067760004,0.0020699985)
Gyroscope: (-0.043605,0.009971,0.0020699985)
Gyroscope: (-0.047864996,0.0046460005,-0.007515002)
Gyroscope: (-0.03402,0.019556,0.0031349994)
Gyroscope: (-0.022305,0.019556,0.01272)
Gyroscope: (-0.018045,-0.008134,0.0010049976)
Gyroscope: (-0.009524997,-0.019849,-0.017100003)
Gyroscope: (-0.0042000003,-0.010264,-0.011775002)
Gyroscope: (-0.01272,-0.012394,-0.004320003)
Gyroscope: (-0.013785001,-0.018784,-0.006450001)
Gyroscope: (0.0032550022,-0.017719,-0.0032550022)
Gyroscope: (0.009645,-0.008134,-5.9999526E-5)
Gyroscope: (-0.0031349994,0.009971,0.0020699985)
Gyroscope: (-0.0073949993,0.0014510006,-5.9999526E-5)
Gyroscope: (5.9999526E-5,-0.008134,-0.006450001)
Gyroscope: (-0.0031349994,-0.0038740002,-0.007515002)
Gyroscope: (-0.018045,-0.0038740002,-0.011775002)
Gyroscope: (-0.014849998,-0.011328999,-0.010710001)
Gyroscope: (-0.0020699985,0.0014510006,-0.0021900013)
Gyroscope: (-0.01698,0.012101,-0.0021900013)
Gyroscope: (-0.024434999,0.0046460005,-0.0053850003)
Gyroscope: (-0.0042000003,-0.0038740002,0.0010049976)
Gyroscope: (-0.0031349994,0.002516,0.0042000003)
Gyroscope: (-0.029759996,-0.0038740002,-0.008580003)
Gyroscope: (-0.039344996,-0.025174,-0.016035002)
Gyroscope: (-0.026565,-0.033694,-0.0053850003)
Gyroscope: (-0.03402,-0.024108998,-0.0021900013)
Gyroscope: (-0.038280003,-0.012394,-0.008580003)
Gyroscope: (-0.041474998,-0.024108998,-0.010710001)
Gyroscope: (-0.02124,-0.037954,-0.0032550022)
Gyroscope: (-0.0052649975,-0.019849,0.0020699985)
Gyroscope: (-0.009524997,0.0046460005,0.0052649975)
Gyroscope: (-0.013785001,0.007841,0.010589998)
Gyroscope: (-0.0031349994,0.002516,0.01272)
Gyroscope: (-0.015914999,0.008906,0.00846)
Gyroscope: (-0.032955,0.016361,0.0063299984)
Gyroscope: (-0.03615,0.014231,0.0010049976)
Gyroscope: (-0.020174999,0.007841,0.0031349994)
Gyroscope: (-0.015914999,-0.010264,0.0063299984)
Gyroscope: (-0.014849998,-0.015589001,-5.9999526E-5)
Gyroscope: (-0.0031349994,-0.019849,-0.011775002)
Gyroscope: (0.011775,-0.028368998,-0.011775002)
Gyroscope: (0.006450001,-0.020914,-0.0053850003)
Gyroscope: (-0.0063299984,-0.009198999,-0.0032550022)
Gyroscope: (-0.009524997,0.002516,0.0031349994)
Gyroscope: (-0.014849998,0.008906,0.0042000003)
Gyroscope: (-0.03615,0.011036,-0.0011250004)
Gyroscope: (-0.038280003,0.007841,0.0010049976)
Gyroscope: (-0.028695002,0.0057110004,0.0020699985)
Gyroscope: (-0.039344996,-0.0038740002,-0.010710001)
Gyroscope: (-0.040409997,-0.019849,-0.014970001)
Gyroscope: (-0.029759996,-0.004939,-0.007515002)
Gyroscope: (-0.011654999,0.011036,-0.0021900013)
Gyroscope: (-0.0073949993,0.015296,-0.004320003)
Gyroscope: (-0.011654999,0.0057110004,-0.010710001)
Gyroscope: (0.007515,0.003581,-0.0011250004)
Gyroscope: (0.0032550022,0.002516,-0.0021900013)
Gyroscope: (-0.014849998,-0.008134,-0.020294998)
Gyroscope: (-0.0063299984,-0.011328999,-0.016035002)
Gyroscope: (-0.0042000003,-0.0028090002,-0.0011250004)
Gyroscope: (-0.023369998,-0.004939,-0.0053850003)
Gyroscope: (-0.027630001,-0.018784,-0.021359999)
Gyroscope: (-0.018045,-0.004939,-0.020294998)
Gyroscope: (-0.022305,0.0057110004,-0.0011250004)
Gyroscope: (-0.032955,-0.013458999,-0.006450001)
Gyroscope: (-0.024434999,-0.017719,-0.0053850003)
Gyroscope: (-0.019109998,-0.006004,0.0052649975)
Gyroscope: (-0.022305,0.014231,0.020174999)
Gyroscope: (-0.022305,0.014231,0.0042000003)
Gyroscope: (-0.019109998,-0.008134,-0.0032550022)
Gyroscope: (-0.019109998,-0.009198999,0.0042000003)
Gyroscope: (-0.0073949993,-6.7899935E-4,0.009524997)
Gyroscope: (-0.0010049976,-0.019849,-0.004320003)
Gyroscope: (-0.015914999,-0.032629,-0.02349)
Gyroscope: (-0.01698,-0.032629,-0.017100003)
Gyroscope: (-0.011654999,-0.024108998,-0.009645)
Gyroscope: (-0.010589998,-0.017719,-0.013905)
Gyroscope: (0.0011250004,-0.020914,-0.010710001)
Gyroscope: (0.02136,-0.010264,-0.004320003)
Gyroscope: (0.018165002,0.0067760004,0.0042000003)
Gyroscope: (0.010710001,0.0046460005,0.010589998)
Gyroscope: (0.012840001,0.002516,0.013784997)
Gyroscope: (0.008580001,0.0046460005,0.00846)
Gyroscope: (0.0021900013,0.0057110004,-0.0011250004)
Gyroscope: (-0.0063299984,3.860006E-4,-0.0021900013)
Gyroscope: (-0.0052649975,-0.012394,-0.007515002)
Gyroscope: (0.0011250004,-0.013458999,-0.008580003)
Gyroscope: (-0.0063299984,-0.026239,-0.012840003)
Gyroscope: (-0.0020699985,-0.039019,-0.014970001)
Gyroscope: (0.013905002,-0.012394,-0.009645)
Gyroscope: (0.0053850003,0.018491,-0.0021900013)
Gyroscope: (-0.014849998,0.019556,0.0042000003)
Gyroscope: (-0.018045,-0.004939,-0.0032550022)
Gyroscope: (-0.0063299984,-0.010264,-0.011775002)
Gyroscope: (-0.0042000003,0.0014510006,-0.010710001)
Gyroscope: (-0.015914999,-0.009198999,-0.011775002)
Gyroscope: (-0.00846,-0.021979,-0.016035002)
Gyroscope: (0.013905002,-0.021979,-0.011775002)
Gyroscope: (0.0171,-0.012394,-0.0053850003)
Gyroscope: (-0.0031349994,-0.011328999,-0.0032550022)
Gyroscope: (-0.009524997,-0.015589001,-0.006450001)
Gyroscope: (-0.0073949993,-0.004939,-0.0011250004)
Gyroscope: (-0.022305,0.013166,0.0020699985)
Gyroscope: (-0.045735,0.030206,-5.9999526E-5)
Gyroscope: (-0.04254,0.021685999,0.0010049976)
Gyroscope: (-0.032955,0.0014510006,-0.0053850003)
Gyroscope: (-0.020174999,-0.0028090002,-0.009645)
Gyroscope: (-0.013785001,-6.7899935E-4,-0.008580003)
Gyroscope: (-0.02124,-0.013458999,-0.011775002)
Gyroscope: (-0.011654999,-0.025174,-0.016035002)
Gyroscope: (0.0043199994,-0.010264,-0.006450001)
Gyroscope: (0.006450001,0.007841,-0.0021900013)
Gyroscope: (0.006450001,-0.0038740002,-0.008580003)
Gyroscope: (0.0032550022,-0.015589001,-0.019230004)
Gyroscope: (0.010710001,-0.018784,-0.022425)
Gyroscope: (0.033075,-0.036888998,-0.012840003)
Gyroscope: (0.056505002,-0.057123996,-0.011775002)
Gyroscope: (0.065025,-0.043279,-0.013905)
Gyroscope: (0.039465003,-0.024108998,-0.008580003)
Gyroscope: (-0.023369998,-0.008134,-0.013905)
Gyroscope: (-0.043605,0.014231,-0.004320003)
Gyroscope: (-0.043605,0.029141,0.0010049976)
Gyroscope: (-0.022305,0.022751,0.010589998)
Gyroscope: (-0.026565,0.016361,0.0052649975)
Gyroscope: (-0.035085,0.0057110004,-0.0053850003)
Gyroscope: (-0.018045,0.002516,-0.0053850003)
Gyroscope: (-0.011654999,-0.008134,-0.0053850003)
Gyroscope: (-0.014849998,-0.016654,-0.007515002)
Gyroscope: (-0.015914999,-0.014524,-0.006450001)
Gyroscope: (-0.031889997,-0.006004,-0.010710001)
Gyroscope: (-0.029759996,-0.006004,-0.004320003)
Gyroscope: (-0.029759996,-0.0028090002,-0.0021900013)
Gyroscope: (-0.028695002,-0.006004,-0.007515002)
Gyroscope: (-0.0255,-0.015589001,-0.0053850003)
Gyroscope: (-0.031889997,-0.011328999,-0.007515002)
Gyroscope: (-0.0255,0.0046460005,-0.009645)
Gyroscope: (-0.014849998,0.007841,-0.007515002)
Gyroscope: (-0.015914999,-0.006004,-0.007515002)
Gyroscope: (-0.011654999,-0.020914,-0.012840003)
Gyroscope: (0.0021900013,-0.007068999,-0.0021900013)
Gyroscope: (-0.0031349994,0.003581,0.0073949993)
Gyroscope: (-0.015914999,-0.009198999,0.0010049976)
Gyroscope: (-0.01698,-0.015589001,-0.008580003)
Gyroscope: (-0.010589998,0.002516,-0.006450001)
Gyroscope: (-0.010589998,-0.0017439993,-0.008580003)
Gyroscope: (-0.009524997,-0.018784,-0.010710001)
Gyroscope: (-0.0031349994,-0.006004,-0.0011250004)
Gyroscope: (0.006450001,0.008906,0.009524997)
Gyroscope: (0.0043199994,3.860006E-4,0.0020699985)
Gyroscope: (0.012840001,-0.018784,-0.006450001)
Gyroscope: (0.013905002,-0.021979,-0.010710001)
Gyroscope: (0.016035002,-0.020914,-0.008580003)
Gyroscope: (0.0171,-0.016654,0.0020699985)
Gyroscope: (0.011775,-0.006004,0.014849998)
Gyroscope: (0.014970001,0.009971,0.014849998)
Gyroscope: (0.0032550022,0.013166,-5.9999526E-5)
Gyroscope: (-0.00846,0.002516,-0.017100003)
Gyroscope: (0.011775,-0.015589001,-0.011775002)
Gyroscope: (0.02349,-0.015589001,-5.9999526E-5)
Gyroscope: (0.013905002,0.008906,0.0042000003)
Gyroscope: (0.006450001,0.021685999,0.0052649975)
Gyroscope: (0.011775,0.0014510006,0.011654999)
Gyroscope: (0.018165002,-0.008134,0.0073949993)
Gyroscope: (0.010710001,0.0014510006,-0.0021900013)
Gyroscope: (0.0011250004,-6.7899935E-4,-0.008580003)
Gyroscope: (-0.011654999,-0.009198999,-0.013905)
Gyroscope: (-0.01272,-0.004939,-0.016035002)
Gyroscope: (-0.0020699985,0.007841,-0.006450001)
Gyroscope: (5.9999526E-5,3.860006E-4,0.0010049976)
Gyroscope: (-0.0063299984,-0.009198999,-0.0021900013)
Gyroscope: (-0.010589998,-0.014524,-0.007515002)
Gyroscope: (-0.0042000003,-0.019849,-0.012840003)
Gyroscope: (-0.01698,-0.013458999,-0.022425)
Gyroscope: (-0.00846,-0.0028090002,-0.008580003)
Gyroscope: (-0.01272,-6.7899935E-4,-0.0021900013)
Gyroscope: (-0.0255,-0.010264,-0.007515002)
Gyroscope: (-0.023369998,-0.008134,-0.008580003)
Gyroscope: (-0.023369998,0.0057110004,-0.0021900013)
Gyroscope: (-0.039344996,0.012101,-0.0021900013)
Gyroscope: (-0.037215002,0.007841,-0.006450001)
Gyroscope: (-0.022305,0.007841,-0.0011250004)
Gyroscope: (-0.023369998,0.003581,0.0010049976)
Gyroscope: (-0.0255,-0.009198999,-0.0032550022)
Gyroscope: (-0.019109998,-0.008134,0.0010049976)
Gyroscope: (-0.015914999,-0.008134,0.0010049976)
Gyroscope: (-0.014849998,-0.006004,-0.007515002)
Gyroscope: (-0.00846,0.0014510006,-0.007515002)
Gyroscope: (-0.0042000003,3.860006E-4,0.0020699985)
Gyroscope: (-0.0031349994,-0.010264,0.0063299984)
Gyroscope: (-0.0020699985,-0.016654,-0.0053850003)
Gyroscope: (0.011775,-0.018784,-0.007515002)
Gyroscope: (0.0053850003,-0.015589001,-0.012840003)
Gyroscope: (-0.010589998,-0.012394,-0.022425)
Gyroscope: (-0.024434999,-0.007068999,-0.020294998)
Gyroscope: (-0.02124,-0.0017439993,-0.016035002)
Gyroscope: (-0.020174999,0.0067760004,-0.007515002)
Gyroscope: (-0.0255,0.009971,-0.0032550022)
Gyroscope: (-0.023369998,0.012101,0.0010049976)
Gyroscope: (-0.02124,0.015296,0.0031349994)
Gyroscope: (-0.03402,0.014231,-0.0032550022)
Gyroscope: (-0.041474998,0.0057110004,0.0010049976)
Gyroscope: (-0.028695002,0.0067760004,0.0063299984)
Gyroscope: (-0.015914999,0.0046460005,0.0020699985)
Gyroscope: (-0.01272,-0.015589001,-0.009645)
Gyroscope: (5.9999526E-5,-0.021979,-0.007515002)
Gyroscope: (0.014970001,-0.017719,0.0010049976)
Gyroscope: (0.008580001,-0.021979,-0.0021900013)
Gyroscope: (0.0021900013,-0.029434,0.0031349994)
Gyroscope: (-0.0010049976,-0.025174,0.018044999)
Gyroscope: (0.011775,-0.033694,0.015914999)
Gyroscope: (0.01923,-0.036888998,0.0031349994)
Gyroscope: (0.009645,-0.028368998,-0.009645)
Gyroscope: (-0.0031349994,-0.016654,-0.0053850003)
Gyroscope: (-0.01698,-0.0017439993,0.0010049976)
Gyroscope: (-0.028695002,3.860006E-4,-0.014970001)
Gyroscope: (-0.0042000003,3.860006E-4,-0.012840003)
Gyroscope: (0.010710001,0.0046460005,0.010589998)
Gyroscope: (0.012840001,0.002516,0.014849998)
Gyroscope: (0.022425,-0.019849,-0.004320003)
Gyroscope: (0.039465003,-0.026239,-0.0032550022)
Gyroscope: (0.039465003,-0.017719,0.0052649975)
Gyroscope: (0.034140002,-0.012394,0.0063299984)
Gyroscope: (0.028815001,-0.006004,0.0010049976)
Gyroscope: (0.030945001,-0.011328999,-0.006450001)
Gyroscope: (0.030945001,-0.019849,-0.0032550022)
Gyroscope: (0.0053850003,-0.010264,0.0042000003)
Gyroscope: (-0.018045,0.0014510006,-0.0011250004)
Gyroscope: (-0.022305,0.002516,-0.008580003)
Gyroscope: (-0.019109998,-0.0017439993,-0.008580003)
Gyroscope: (-0.014849998,-0.006004,-0.004320003)
Gyroscope: (-0.00846,0.003581,-0.0011250004)
Gyroscope: (-0.0042000003,0.016361,0.0031349994)
Gyroscope: (-0.013785001,-0.0017439993,0.0010049976)
Gyroscope: (-0.022305,-0.013458999,-0.004320003)
Gyroscope: (-0.020174999,0.0014510006,-0.0032550022)
Gyroscope: (-0.011654999,0.009971,0.0031349994)
Gyroscope: (-0.0063299984,-0.0028090002,0.0052649975)
Gyroscope: (-0.00846,-0.020914,-0.007515002)
Gyroscope: (5.9999526E-5,-0.018784,-0.008580003)
Gyroscope: (0.006450001,-0.007068999,0.0010049976)
Gyroscope: (-0.0020699985,-0.006004,0.0031349994)
Gyroscope: (-0.014849998,-0.011328999,-0.0053850003)
Gyroscope: (-0.019109998,-0.006004,-5.9999526E-5)
Gyroscope: (-0.01272,0.003581,0.016979998)
Gyroscope: (-0.013785001,0.0014510006,0.024434999)
Gyroscope: (-0.01698,-0.009198999,0.014849998)
Gyroscope: (-0.011654999,-0.013458999,0.009524997)
Gyroscope: (-0.0042000003,0.0014510006,0.014849998)
Gyroscope: (-0.013785001,0.0067760004,0.010589998)
Gyroscope: (-0.028695002,-6.7899935E-4,0.0020699985)
Gyroscope: (-0.031889997,-0.0038740002,-5.9999526E-5)
Gyroscope: (-0.029759996,0.0046460005,0.0020699985)
Gyroscope: (-0.020174999,0.007841,0.0073949993)
Gyroscope: (-0.013785001,3.860006E-4,0.0020699985)
Gyroscope: (-0.009524997,-0.008134,-0.013905)
Gyroscope: (5.9999526E-5,-0.012394,-0.013905)
Gyroscope: (0.009645,-0.013458999,-0.0053850003)
Gyroscope: (0.013905002,-0.017719,-0.008580003)
Gyroscope: (0.009645,-0.013458999,-0.012840003)
Gyroscope: (0.006450001,-6.7899935E-4,-0.008580003)
Gyroscope: (0.0043199994,0.0014510006,0.0031349994)
Gyroscope: (-0.0042000003,3.860006E-4,0.0042000003)
Gyroscope: (-0.01272,0.002516,-0.004320003)
Gyroscope: (-0.020174999,0.008906,-0.006450001)
Gyroscope: (-0.018045,0.0046460005,-0.0011250004)
Gyroscope: (-0.013785001,-0.0017439993,-0.0011250004)
Gyroscope: (-0.018045,-0.0028090002,-0.007515002)
Gyroscope: (-0.009524997,0.007841,-0.0053850003)
Gyroscope: (-0.0042000003,0.008906,0.0020699985)
Gyroscope: (-0.011654999,-0.0017439993,-0.0021900013)
Gyroscope: (-0.026565,-0.008134,-0.010710001)
Gyroscope: (-0.038280003,0.002516,-0.007515002)
Gyroscope: (-0.048929997,0.007841,0.0010049976)
Gyroscope: (-0.045735,0.0057110004,0.0052649975)
Gyroscope: (-0.029759996,0.014231,0.010589998)
Gyroscope: (-0.014849998,0.020621,0.009524997)
Gyroscope: (-0.01272,0.0046460005,0.0031349994)
Gyroscope: (-0.00846,-6.7899935E-4,0.0020699985)
Gyroscope: (5.9999526E-5,0.0014510006,0.0042000003)
Gyroscope: (0.0021900013,-0.004939,-0.0011250004)
Gyroscope: (0.0043199994,-0.011328999,-0.0032550022)
Gyroscope: (-0.0010049976,-0.009198999,-0.0053850003)
Gyroscope: (-0.010589998,0.002516,-0.011775002)
Gyroscope: (-0.0073949993,0.003581,-0.007515002)
Gyroscope: (0.0021900013,0.0014510006,-0.0011250004)
Gyroscope: (-0.0010049976,0.0057110004,-0.0021900013)
Gyroscope: (-0.010589998,0.007841,-0.0021900013)
Gyroscope: (-0.01272,0.021685999,-5.9999526E-5)
Gyroscope: (0.010710001,0.029141,0.0052649975)
Gyroscope: (0.02349,0.014231,0.0020699985)
Gyroscope: (0.022425,-0.016654,-0.007515002)
Gyroscope: (0.016035002,-0.020914,-0.008580003)
Gyroscope: (-0.0010049976,-0.0017439993,-0.0011250004)
Gyroscope: (-0.030824997,0.013166,-0.0011250004)
Gyroscope: (-0.06384,0.012101,-0.017100003)
Gyroscope: (-0.06384,0.007841,-0.017100003)
Gyroscope: (-0.045735,0.015296,-5.9999526E-5)
Gyroscope: (-0.043605,0.021685999,0.00846)
Gyroscope: (-0.048929997,0.017426,-5.9999526E-5)
Gyroscope: (-0.04467,0.015296,-0.006450001)
Gyroscope: (-0.0255,0.009971,-0.0021900013)
Gyroscope: (-0.018045,-0.0028090002,0.0010049976)
Gyroscope: (-0.031889997,-0.010264,-0.0053850003)
Gyroscope: (-0.04467,-0.0017439993,-0.014970001)
Gyroscope: (-0.039344996,0.013166,-0.009645)
Gyroscope: (-0.020174999,0.003581,0.0010049976)
Gyroscope: (-0.01272,-0.017719,-0.0011250004)
Gyroscope: (-0.014849998,-0.017719,-0.0053850003)
Gyroscope: (-0.0255,-6.7899935E-4,-0.007515002)
Gyroscope: (-0.03615,0.0067760004,-0.0053850003)
Gyroscope: (-0.030824997,0.0046460005,-0.006450001)
Gyroscope: (-0.01698,-0.0038740002,-0.0032550022)
Gyroscope: (-0.018045,3.860006E-4,0.0020699985)
Gyroscope: (-0.018045,0.011036,-0.0011250004)
Gyroscope: (-0.00846,0.009971,0.0042000003)
Gyroscope: (-0.019109998,0.009971,0.0031349994)
Gyroscope: (-0.03402,0.013166,-0.0032550022)
Gyroscope: (-0.03615,0.008906,-0.0021900013)
Gyroscope: (-0.026565,-0.007068999,-0.0032550022)
Gyroscope: (-0.015914999,-0.008134,-0.008580003)
Gyroscope: (0.0043199994,-0.006004,-0.0053850003)
Gyroscope: (0.025620002,3.860006E-4,0.0042000003)
Gyroscope: (0.025620002,0.012101,0.011654999)
Gyroscope: (0.007515,0.013166,0.010589998)
Gyroscope: (-0.00846,0.003581,0.0010049976)
Gyroscope: (-0.013785001,0.0057110004,-0.004320003)
Gyroscope: (-0.019109998,0.017426,-0.004320003)
Gyroscope: (-0.027630001,0.009971,-0.012840003)
Gyroscope: (-0.023369998,-0.007068999,-0.012840003)
Gyroscope: (-0.0042000003,-0.007068999,-0.0021900013)
Gyroscope: (-0.0042000003,-0.008134,-5.9999526E-5)
Gyroscope: (-0.01698,-0.013458999,-0.007515002)
Gyroscope: (-0.013785001,-0.018784,-0.006450001)
Gyroscope: (0.0011250004,-0.018784,0.0020699985)
Gyroscope: (-0.0031349994,-0.010264,0.0010049976)
Gyroscope: (-0.018045,-0.0017439993,-0.0011250004)
Gyroscope: (-0.028695002,0.008906,0.0020699985)
Gyroscope: (-0.037215002,0.007841,-5.9999526E-5)
Gyroscope: (-0.038280003,-0.0017439993,-0.008580003)
Gyroscope: (-0.026565,-0.0017439993,-0.0053850003)
Gyroscope: (-0.010589998,0.0067760004,-0.0021900013)
Gyroscope: (-0.01272,3.860006E-4,-0.010710001)
Gyroscope: (-0.0063299984,-0.019849,-0.009645)
Gyroscope: (0.006450001,-0.020914,-0.0032550022)
Gyroscope: (0.009645,-0.008134,-0.0032550022)
Gyroscope: (0.0043199994,-0.004939,-5.9999526E-5)
Gyroscope: (-0.0031349994,-6.7899935E-4,-0.004320003)
Gyroscope: (-0.013785001,0.007841,-0.006450001)
Gyroscope: (-0.0031349994,-0.014524,-0.019230004)
Gyroscope: (0.0021900013,-0.009198999,-0.014970001)
Gyroscope: (5.9999526E-5,-0.0017439993,-0.004320003)
Gyroscope: (-0.0020699985,3.860006E-4,-0.0021900013)
Gyroscope: (-0.014849998,-0.0038740002,-0.0053850003)
Gyroscope: (-0.03402,3.860006E-4,-5.9999526E-5)
Gyroscope: (-0.0255,-0.009198999,-0.006450001)
Gyroscope: (-0.0073949993,-0.018784,-0.025620002)
Gyroscope: (0.0011250004,-0.0017439993,-0.020294998)
Gyroscope: (0.02349,0.008906,-0.0053850003)
Gyroscope: (0.026685001,-6.7899935E-4,0.0031349994)
Gyroscope: (0.010710001,-0.008134,-0.0011250004)
Gyroscope: (0.0032550022,-0.007068999,-0.009645)
Gyroscope: (-0.0031349994,-0.011328999,-0.010710001)
Gyroscope: (-0.0020699985,-0.024108998,-0.012840003)
Gyroscope: (0.012840001,-0.023044001,-0.008580003)
Gyroscope: (0.0021900013,-0.015589001,0.00846)
Gyroscope: (-0.014849998,-0.019849,0.011654999)
Gyroscope: (-0.015914999,-0.034759,-0.009645)
Gyroscope: (-0.014849998,-0.032629,-0.004320003)
Gyroscope: (-0.010589998,-0.020914,-0.004320003)
Gyroscope: (-0.019109998,-0.006004,-0.007515002)
Gyroscope: (-0.01272,-6.7899935E-4,0.011654999)
Gyroscope: (-0.023369998,-0.0017439993,0.02763)
Gyroscope: (-0.03402,0.011036,0.018044999)
Gyroscope: (-0.023369998,0.016361,0.009524997)
Gyroscope: (-0.031889997,0.007841,0.011654999)
Gyroscope: (-0.045735,-0.0028090002,0.010589998)
Gyroscope: (-0.038280003,0.007841,0.0052649975)
Gyroscope: (-0.013785001,0.009971,0.0020699985)
Gyroscope: (-0.009524997,-0.009198999,-5.9999526E-5)
Gyroscope: (-0.0010049976,-0.028368998,-0.013905)
Gyroscope: (0.012840001,-0.020914,-0.021359999)
Gyroscope: (0.011775,-0.0038740002,-0.017100003)
Gyroscope: (-0.010589998,-0.0038740002,-0.016035002)
Gyroscope: (-0.014849998,-0.020914,-0.026685003)
Gyroscope: (-0.0020699985,-0.011328999,-0.018165004)
Gyroscope: (0.018165002,0.012101,-0.0011250004)
Gyroscope: (0.0171,0.002516,-0.004320003)
Gyroscope: (0.008580001,-0.017719,-0.011775002)
Gyroscope: (0.0011250004,-0.004939,-0.0021900013)
Gyroscope: (-0.015914999,0.0067760004,0.0073949993)
Gyroscope: (-0.014849998,3.860006E-4,0.0073949993)
Gyroscope: (-0.00846,-0.0028090002,-0.0011250004)
Gyroscope: (-0.01698,0.007841,-0.004320003)
Gyroscope: (-0.027630001,0.015296,0.0063299984)
Gyroscope: (-0.039344996,0.014231,0.009524997)
Gyroscope: (-0.030824997,0.009971,-0.0011250004)
Gyroscope: (-0.015914999,-0.0038740002,-0.006450001)
Gyroscope: (-0.009524997,-0.008134,-0.008580003)
Gyroscope: (-0.01698,-6.7899935E-4,-0.008580003)
Gyroscope: (-0.009524997,0.003581,-5.9999526E-5)
Gyroscope: (-0.011654999,0.0046460005,-5.9999526E-5)
Gyroscope: (-0.009524997,3.860006E-4,-0.006450001)
Gyroscope: (-0.00846,3.860006E-4,-0.004320003)
Gyroscope: (-0.019109998,3.860006E-4,-0.0021900013)
Gyroscope: (-0.011654999,-0.011328999,-0.010710001)
Gyroscope: (-0.0020699985,-0.011328999,-0.018165004)
Gyroscope: (0.0011250004,-0.0038740002,-0.006450001)
Gyroscope: (0.008580001,3.860006E-4,0.0052649975)
Gyroscope: (0.0032550022,0.0014510006,0.0042000003)
Gyroscope: (-0.0010049976,0.007841,-0.008580003)
Gyroscope: (0.0043199994,0.009971,-0.006450001)
Gyroscope: (0.010710001,0.009971,0.0063299984)
Gyroscope: (0.008580001,-0.0017439993,0.014849998)
Gyroscope: (5.9999526E-5,-0.006004,0.0010049976)
Gyroscope: (-0.00846,3.860006E-4,-5.9999526E-5)
Gyroscope: (-0.013785001,-0.0038740002,0.00846)
Gyroscope: (-0.013785001,-0.009198999,0.01272)
Gyroscope: (-0.011654999,0.002516,0.015914999)
Gyroscope: (-0.009524997,0.015296,0.014849998)
Gyroscope: (-0.01272,0.011036,0.011654999)
Gyroscope: (-0.01272,0.0014510006,0.00846)
Gyroscope: (-0.0042000003,0.002516,0.0010049976)
Gyroscope: (0.025620002,0.003581,0.0042000003)
Gyroscope: (0.05118,-6.7899935E-4,0.0031349994)
Gyroscope: (0.0053850003,-0.013458999,-0.014970001)
Gyroscope: (0.010710001,-0.015589001,-0.011775002)
Gyroscope: (-0.00846,3.860006E-4,-0.0053850003)
Gyroscope: (-0.027630001,0.012101,-0.0021900013)
Gyroscope: (-0.019109998,0.007841,-0.004320003)
Gyroscope: (-0.010589998,-0.0028090002,-0.008580003)
Gyroscope: (-0.022305,-0.006004,-0.012840003)
Gyroscope: (-0.024434999,-0.0038740002,-0.014970001)
Gyroscope: (-0.0042000003,-0.0017439993,-0.010710001)
Gyroscope: (0.006450001,-0.0038740002,-0.008580003)
Gyroscope: (0.0043199994,-0.007068999,-0.012840003)
Gyroscope: (5.9999526E-5,-0.004939,-0.010710001)
Gyroscope: (0.0021900013,0.0014510006,-0.007515002)
Gyroscope: (0.0032550022,0.0014510006,-0.008580003)
Gyroscope: (0.0011250004,-0.009198999,-0.013905)
Gyroscope: (0.006450001,-0.011328999,-0.010710001)
Gyroscope: (0.020295002,0.003581,0.0010049976)
Gyroscope: (0.022425,0.015296,0.0073949993)
Gyroscope: (0.008580001,0.002516,0.0031349994)
Gyroscope: (0.011775,-0.017719,-0.0053850003)
Gyroscope: (0.02136,-0.018784,-0.008580003)
Gyroscope: (0.014970001,-0.008134,-5.9999526E-5)
Gyroscope: (0.0043199994,-0.0038740002,0.0020699985)
Gyroscope: (-0.0073949993,-0.004939,-0.006450001)
Gyroscope: (-0.00846,-0.011328999,-0.010710001)
Gyroscope: (-0.0010049976,-0.012394,-0.004320003)
Gyroscope: (0.0043199994,-0.023044001,0.0010049976)
Gyroscope: (0.008580001,-0.024108998,-0.0032550022)
Gyroscope: (-0.0031349994,-0.010264,-0.007515002)
Gyroscope: (-0.013785001,-6.7899935E-4,-0.009645)
Gyroscope: (-0.013785001,0.0014510006,-0.0011250004)
Gyroscope: (-0.019109998,0.0067760004,-5.9999526E-5)
Gyroscope: (-0.019109998,3.860006E-4,-0.007515002)
Gyroscope: (-0.0073949993,-6.7899935E-4,-0.0021900013)
Gyroscope: (-0.0020699985,0.0046460005,-0.0032550022)
Gyroscope: (-0.0042000003,0.0046460005,-0.009645)
Gyroscope: (-0.0042000003,-6.7899935E-4,-0.011775002)
Gyroscope: (0.013905002,-0.0038740002,-0.004320003)
Gyroscope: (0.020295002,0.0014510006,-0.0021900013)
Gyroscope: (0.0043199994,0.0014510006,-0.0032550022)
Gyroscope: (0.0043199994,-0.009198999,-0.008580003)
Gyroscope: (0.02775,-0.013458999,-0.009645)
Gyroscope: (0.05331,-0.016654,-0.004320003)
Gyroscope: (0.04479,-0.036888998,0.0020699985)
Gyroscope: (0.047985002,-0.043279,-0.0021900013)
Gyroscope: (0.067155,-0.030499,-0.016035002)
Gyroscope: (0.05118,-0.025174,-0.011775002)
Gyroscope: (0.02988,-0.018784,-0.004320003)
Gyroscope: (0.03201,-0.014524,-0.004320003)
Gyroscope: (0.0384,-0.027304001,-0.013905)
Gyroscope: (0.01923,-0.034759,-0.013905)
Gyroscope: (0.06183,-0.027304001,-0.007515002)
Gyroscope: (0.1236,-0.018784,-0.019230004)
Gyroscope: (0.12573001,-0.019849,-0.04266)
Gyroscope: (0.17898,-0.053929,-0.065025)
Gyroscope: (0.284415,-0.096529,-0.08738999)
Gyroscope: (0.324885,-0.109309,-0.10017)
Gyroscope: (0.288675,-0.080554,-0.092714995)
Gyroscope: (0.32382,-0.060319,-0.08738999)
Gyroscope: (0.36429,-0.068839,-0.11934)
Gyroscope: (0.32382,-0.059253998,-0.15129)
Gyroscope: (0.318495,-0.008134,-0.156615)
Gyroscope: (0.307845,-0.029434,-0.17578499)
Gyroscope: (0.35151002,0.011036,-0.17791499)
Gyroscope: (0.2727,0.042986,-0.19601999)
Gyroscope: (0.16833001,0.107951,-0.24501)
Gyroscope: (0.11934,0.197411,-0.29506502)
Gyroscope: (0.25885502,0.259181,-0.28761002)
Gyroscope: (0.24500999,0.225101,-0.24820499)
Gyroscope: (0.19389,0.165461,-0.15555)
Gyroscope: (0.10656,0.134576,-0.120405)
Gyroscope: (-0.0031349994,0.16865599,-0.062895)
Gyroscope: (0.294,0.23894599,-0.07141501)
Gyroscope: (0.73704,0.17185101,-0.099105)
Gyroscope: (1.8094951,0.008906,-0.30145502)
Gyroscope: (1.5262051,-0.090139,-0.19495499)
Gyroscope: (1.451655,0.024881002,0.0255)
Gyroscope: (2.1034348,0.124991,-0.0032550022)
Gyroscope: (2.165205,0.121796,-0.033075)
Gyroscope: (1.9042801,0.185696,-0.04905)
Gyroscope: (1.8254701,0.23255599,0.026564999)
Gyroscope: (2.080005,0.21445101,0.0020699985)
Gyroscope: (2.00865,0.122861,-0.043725003)
Gyroscope: (2.1534898,0.098366,0.043605)
Gyroscope: (2.806335,0.127121,0.08088)
Gyroscope: (3.174825,0.116471,0.05958)
Gyroscope: (3.132225,-0.0028090002,0.030824998)
Gyroscope: (3.39528,0.056831,-0.096975)
Gyroscope: (3.57207,0.18676099,-0.25779)
Gyroscope: (3.30582,0.170786,-0.433515)
Gyroscope: (2.9085748,0.14629099,-0.28548002)
Gyroscope: (2.3451898,0.13031599,-0.18324)
Gyroscope: (2.099175,0.24427101,-0.055440005)
Gyroscope: (2.01078,0.327341,0.009524997)
Gyroscope: (2.15775,0.382721,-0.039465)
Gyroscope: (2.61357,0.51797605,-0.068220004)
Gyroscope: (2.708355,0.639386,-0.03201)
Gyroscope: (2.424,0.47324598,-0.053310003)
Gyroscope: (2.1897,0.299651,-0.09804)
Gyroscope: (2.310045,0.315626,-0.13851)
Gyroscope: (2.9575648,0.487091,-0.23436)
Gyroscope: (3.7776148,0.63832104,-0.38346002)
Gyroscope: (4.37508,0.74269104,-0.537885)
Gyroscope: (4.45389,0.71393603,-0.501675)
Gyroscope: (4.35804,0.797006,-0.28548002)
Gyroscope: (4.303725,0.929066,-0.256725)
Gyroscope: (4.612575,0.808721,-0.467595)
Gyroscope: (4.7169447,0.71926105,-0.6135)
Gyroscope: (3.99168,0.711806,-0.31743002)
Gyroscope: (2.54967,0.57761604,-0.05118)
Gyroscope: (0.12999001,-0.030499,-0.109754995)
Gyroscope: (-0.19909501,-0.083748996,-0.19176)
Gyroscope: (-0.15542999,0.017426,-0.199215)
Gyroscope: (-0.20122501,0.046181,-0.201345)
Gyroscope: (-0.36203998,-0.010264,-0.15342)
Gyroscope: (-0.277905,-0.023044001,-0.091649994)
Gyroscope: (0.02349,-0.011328999,-0.09058499)
Gyroscope: (0.154485,-0.109309,-0.045855004)
Gyroscope: (0.09804,-0.19131401,0.040409997)
Gyroscope: (0.20879999,-0.18705401,0.05532)
Gyroscope: (0.284415,-0.20728901,0.011654999)
Gyroscope: (0.006450001,-0.156169,-0.035205003)
Gyroscope: (-0.37588498,-0.13699901,-0.092714995)
Gyroscope: (-0.397185,-0.097594,-0.1449)
Gyroscope: (-0.35990998,-0.111439,-0.099105)
Gyroscope: (-0.24914998,-0.12421899,-0.050115)
Gyroscope: (0.054375,-0.146584,-0.046919998)
Gyroscope: (0.20666999,-0.088009,-0.04053)
Gyroscope: (-0.015914999,-0.059253998,0.040409997)
Gyroscope: (-0.31943998,0.30284598,0.201225)
Gyroscope: (-0.324765,0.377396,0.04467)
Gyroscope: (0.045855,-0.106114,-0.12573)
Gyroscope: (0.12999001,-0.232849,-0.10868999)
Gyroscope: (0.105495,-0.450109,0.0020699985)
Gyroscope: (0.17046002,-0.228589,0.02763)
Gyroscope: (0.17258999,0.008906,0.08301)
Gyroscope: (0.154485,-0.056059003,0.08301)
Gyroscope: (0.14276999,-0.040084,0.086205)
Gyroscope: (0.093779996,-0.041149,0.094725)
Gyroscope: (0.107625,-0.030499,0.064905)
Gyroscope: (0.120405,-0.011328999,0.014849998)
Gyroscope: (-0.0255,-0.013458999,-0.0053850003)
Gyroscope: (-0.17673,-0.021979,-0.020294998)
Gyroscope: (-0.18524998,-0.024108998,-0.060765002)
Gyroscope: (-0.19803,-0.063514,-0.10017)
Gyroscope: (-0.222525,-0.065644,-0.11508)
Gyroscope: (-0.222525,-0.034759,-0.08313)
Gyroscope: (-0.188445,-0.026239,-0.039465)
Gyroscope: (-0.090465,-0.030499,-0.027750004)
Gyroscope: (-0.0031349994,-0.033694,-0.043725003)
Gyroscope: (-0.018045,-0.037954,-0.04905)
Gyroscope: (-0.069165,-0.042214,-0.054375004)
Gyroscope: (-0.0894,-0.052864,-0.056505)
Gyroscope: (-0.06171,-0.046474,-0.073544994)
Gyroscope: (-0.055320002,-0.039019,-0.065025)
Gyroscope: (-0.098984994,-0.016654,-0.046919998)
Gyroscope: (-0.11389501,-0.019849,-0.030945)
Gyroscope: (-0.095790006,-0.025174,-0.028815005)
Gyroscope: (-0.100049995,-0.026239,-0.06396)
Gyroscope: (-0.083009996,-0.034759,-0.104430005)
Gyroscope: (-0.04467,-0.053929,-0.08951999)
Gyroscope: (-0.07023,-0.058188997,-0.011775002)
Gyroscope: (-0.095790006,-0.050734,0.031889997)
Gyroscope: (-0.07875,-0.034759,0.03402)
Gyroscope: (-0.088335,-0.015589001,0.018044999)
Gyroscope: (-0.118154995,-0.0038740002,-0.006450001)
Gyroscope: (-0.103245,-0.021979,-0.018165004)
Gyroscope: (-0.055320002,-0.019849,-0.013905)
Gyroscope: (-0.054255,-0.020914,-0.0032550022)
Gyroscope: (-0.038280003,-0.012394,-0.0021900013)
Gyroscope: (-0.058514997,-0.017719,0.0042000003)
Gyroscope: (-0.05958,-0.030499,-0.007515002)
Gyroscope: (-0.032955,-0.029434,-0.033075)
Gyroscope: (-0.06171,-0.013458999,-0.026685003)
Gyroscope: (-0.077685,-0.0017439993,-0.004320003)
Gyroscope: (-0.022305,0.0057110004,-0.004320003)
Gyroscope: (0.0021900013,-6.7899935E-4,-0.011775002)
Gyroscope: (-0.015914999,-0.0017439993,-0.007515002)
Gyroscope: (-0.027630001,0.009971,-0.0032550022)
Gyroscope: (-0.019109998,0.13777101,0.018044999)
Gyroscope: (-0.10857,0.193151,-0.037335005)
Gyroscope: (-0.292815,0.250661,0.018044999)
Gyroscope: (-0.260865,0.199541,0.037215)
Gyroscope: (-0.13945499,0.076001,0.0073949993)
Gyroscope: (0.03627,-0.079489,-0.012840003)
Gyroscope: (0.08313,-0.12954399,-0.007515002)
Gyroscope: (0.07461,-0.057123996,-0.006450001)
Gyroscope: (0.122535,-0.080554,-0.020294998)
Gyroscope: (0.156615,-0.22326401,-0.0011250004)
Gyroscope: (-0.0052649975,-0.23178399,0.0681)
Gyroscope: (-0.05958,-0.010264,-0.043725003)
Gyroscope: (-0.029759996,-0.009198999,-0.034140002)
