Gyroscope: (0.04053,0.110081,0.019109998)
Gyroscope: (0.112950005,0.086651,0.026564999)
Gyroscope: (0.160875,0.035531,0.011654999)
Gyroscope: (0.11082,0.0057110004,-0.0011250004)
Gyroscope: (0.034140002,0.011036,-5.9999526E-5)
Gyroscope: (0.02136,0.014231,0.0010049976)
Gyroscope: (0.05544,0.025946,-0.0053850003)
Gyroscope: (0.0597,0.041921,-0.0053850003)
Gyroscope: (0.033075,0.045116,-0.0021900013)
Gyroscope: (0.014970001,0.031271,0.0031349994)
Gyroscope: (-0.014849998,0.019556,0.01272)
Gyroscope: (-0.0255,-0.0038740002,0.013784997)
Gyroscope: (0.02988,-0.028368998,0.016979998)
Gyroscope: (0.067155,-0.027304001,0.011654999)
Gyroscope: (0.016035002,-0.017719,0.009524997)
Gyroscope: (-0.055320002,-0.025174,0.010589998)
Gyroscope: (-0.014849998,-0.037954,0.0031349994)
Gyroscope: (0.043725003,-0.030499,0.0010049976)
Gyroscope: (0.012840001,-0.014524,-0.004320003)
Gyroscope: (-0.020174999,0.003581,-0.012840003)
Gyroscope: (-0.0073949993,0.0057110004,-0.013905)
Gyroscope: (0.04053,0.013166,-0.010710001)
Gyroscope: (0.030945001,0.012101,0.0031349994)
Gyroscope: (-0.05106,-0.007068999,0.0073949993)
Gyroscope: (-0.07875,-0.011328999,0.021239998)
Gyroscope: (-0.107505,-0.027304001,0.031889997)
Gyroscope: (-0.15755999,-0.018784,0.032955)
Gyroscope: (-0.15329999,-0.015589001,0.028694998)
Gyroscope: (-0.09685499,-0.017719,0.00846)
Gyroscope: (-0.07236,-0.025174,-0.016035002)
Gyroscope: (-0.110700004,-0.024108998,-0.012840003)
Gyroscope: (-0.12348,-0.013458999,-0.022425)
Gyroscope: (-0.13626,-0.010264,-0.035205003)
Gyroscope: (-0.17247,-0.009198999,-0.04053)
Gyroscope: (-0.20761499,-0.020914,-0.036270004)
Gyroscope: (-0.13945499,-0.030499,-0.037335005)
Gyroscope: (-0.07023,-0.009198999,-0.050115)
Gyroscope: (-0.13945499,0.020621,-0.039465)
Gyroscope: (-0.20229,0.032336,-0.035205003)
Gyroscope: (-0.16288501,0.030206,-0.035205003)
Gyroscope: (-0.110700004,0.049376,-0.02349)
Gyroscope: (-0.11602499,0.031271,-0.0021900013)
Gyroscope: (-0.095790006,-6.7899935E-4,0.010589998)
Gyroscope: (-0.057449996,-0.032629,0.0255)
Gyroscope: (0.012840001,-0.014524,0.05958)
Gyroscope: (0.07674,-0.012394,0.09792)
Gyroscope: (0.19069499,0.002516,0.11496)
Gyroscope: (0.36429,0.046181,0.120285004)
Gyroscope: (0.422865,0.100496,0.150105)
Gyroscope: (0.320625,0.100496,0.1746)
Gyroscope: (0.24075001,0.133511,0.139455)
Gyroscope: (0.21092999,0.172916,0.079815)
Gyroscope: (0.122535,0.23681599,0.098985)
Gyroscope: (0.016035002,0.323081,0.14904)
Gyroscope: (0.01923,0.333731,0.203355)
Gyroscope: (0.118275,0.376331,0.267255)
Gyroscope: (0.163005,0.481766,0.320505)
Gyroscope: (0.139575,0.544601,0.45576)
Gyroscope: (-0.056384996,0.490286,0.51753)
Gyroscope: (-0.352455,0.584006,0.48664498)
Gyroscope: (-0.71562004,0.79061604,0.7497)
Gyroscope: (-1.42917,0.954626,0.79656)
Gyroscope: (-2.11077,1.309271,0.558)
Gyroscope: (-3.029865,1.408316,0.48025498)
Gyroscope: (-2.676285,1.056866,0.74757004)
Gyroscope: (-1.0766549,0.804461,1.04151)
Gyroscope: (0.034140002,0.918416,1.05216)
Gyroscope: (0.21838501,0.97166604,1.085175)
Gyroscope: (-0.0063299984,1.087751,1.104345)
Gyroscope: (-0.110700004,1.127156,1.146945)
Gyroscope: (-0.17566499,1.1623011,1.1597251)
Gyroscope: (-0.15969,1.264541,1.12671)
Gyroscope: (-0.081945,1.3156611,1.19487)
Gyroscope: (0.0021900013,1.313531,1.24386)
Gyroscope: (0.0011250004,1.318856,1.26942)
Gyroscope: (-0.11389501,1.295426,1.35462)
Gyroscope: (-0.186315,1.287971,1.364205)
Gyroscope: (-0.014849998,1.344416,1.35036)
Gyroscope: (0.19602,1.346546,1.3610101)
Gyroscope: (0.21519,1.281581,1.353555)
Gyroscope: (0.1236,1.237916,1.35888)
Gyroscope: (-0.020174999,1.205966,1.447275)
Gyroscope: (0.06609,1.127156,1.54632)
Gyroscope: (0.263115,1.0174611,1.5857251)
Gyroscope: (0.079935,1.072841,1.37805)
Gyroscope: (-0.49090502,1.344416,0.93288004)
Gyroscope: (0.44097,0.897116,1.29924)
Gyroscope: (0.131055,0.53714603,1.353555)
Gyroscope: (-0.369495,0.71500105,1.215105)
Gyroscope: (0.013905002,0.61382604,1.178895)
Gyroscope: (0.22690499,0.44129598,1.221495)
Gyroscope: (-0.107505,0.472181,1.174635)
Gyroscope: (-0.19376999,0.58187604,1.07772)
Gyroscope: (0.069285005,0.53821105,1.059615)
Gyroscope: (0.045855,0.576551,1.076655)
Gyroscope: (-0.056384996,0.73097605,1.0297949)
Gyroscope: (0.25566,0.737366,0.99252003)
Gyroscope: (0.41115,0.644711,1.014885)
Gyroscope: (0.124665,0.652166,1.053225)
Gyroscope: (0.01923,0.655361,1.0873051)
Gyroscope: (0.18856502,0.65003604,1.07985)
Gyroscope: (0.41008502,0.588266,1.14588)
Gyroscope: (0.22903499,0.550991,1.0787851)
Gyroscope: (0.27057,0.543536,1.123515)
Gyroscope: (0.25353,0.546731,1.08411)
Gyroscope: (0.39837,0.546731,1.072395)
Gyroscope: (0.612435,0.527561,1.06707)
Gyroscope: (0.38985002,0.568031,0.993585)
Gyroscope: (0.488895,0.52117103,0.897735)
Gyroscope: (0.420735,0.418931,0.887085)
Gyroscope: (0.278025,0.346511,0.901995)
Gyroscope: (0.263115,0.247466,0.88389003)
Gyroscope: (0.40582502,0.165461,0.818925)
Gyroscope: (0.40795502,0.269831,0.65491503)
Gyroscope: (0.36748502,0.241076,0.57504004)
Gyroscope: (0.21305999,0.13031599,0.661305)
Gyroscope: (0.09591,0.048311,0.774195)
Gyroscope: (0.15342,-0.063514,0.84448504)
Gyroscope: (0.025620002,-0.12528399,0.69858)
Gyroscope: (0.152355,-0.176404,0.537765)
Gyroscope: (0.329145,-0.119959004,0.45043498)
Gyroscope: (0.30145502,-0.102919,0.48664498)
Gyroscope: (0.122535,-0.030499,0.60912)
Gyroscope: (0.15555,0.039791003,0.552675)
Gyroscope: (0.43777502,-0.027304001,0.437655)
Gyroscope: (0.22690499,-0.102919,0.29174998)
Gyroscope: (0.009645,-0.26799402,0.254475)
Gyroscope: (0.21838501,-0.142324,0.37908)
Gyroscope: (0.424995,-0.004939,0.42167997)
Gyroscope: (0.114015,-0.114634,0.243825)
Gyroscope: (-0.019109998,-0.19983399,0.12561)
Gyroscope: (0.092715,-0.19557399,0.13839)
Gyroscope: (-0.00846,-0.204094,0.209745)
Gyroscope: (-0.08727,-0.128479,0.188445)
Gyroscope: (0.07887,-0.049669,0.17247)
Gyroscope: (0.069285005,0.029141,0.091529995)
Gyroscope: (-0.055320002,-0.057123996,0.05532)
Gyroscope: (-0.029759996,-0.052864,0.14691)
Gyroscope: (0.15768,0.028076,0.188445)
Gyroscope: (0.08952,-0.036888998,0.12347999)
Gyroscope: (-0.12561,-0.113569,0.090464994)
Gyroscope: (0.082065,-0.006004,0.12347999)
Gyroscope: (0.23116499,0.076001,0.15756)
Gyroscope: (-0.079815,-0.027304001,0.16395)
Gyroscope: (-0.143715,-0.056059003,0.17034)
Gyroscope: (0.116145,-0.056059003,0.162885)
Gyroscope: (0.058635,-0.013458999,0.24489)
Gyroscope: (-0.13626,-0.070969,0.211875)
Gyroscope: (-0.037215002,-0.072034,0.14051999)
Gyroscope: (0.08313,-0.025174,0.14478)
Gyroscope: (0.050115,0.011036,0.17779501)
Gyroscope: (-0.081945,-0.034759,0.14051999)
Gyroscope: (-0.119219996,-0.061384,0.086205)
Gyroscope: (0.0384,-0.007068999,0.064905)
Gyroscope: (0.065025,0.020621,0.074489996)
Gyroscope: (-0.12880501,0.014231,0.090464994)
Gyroscope: (-0.05106,-0.028368998,0.09579)
Gyroscope: (0.10869,-0.004939,0.10750499)
Gyroscope: (0.04053,-0.006004,0.047865)
Gyroscope: (-0.06171,-0.063514,-0.013905)
Gyroscope: (-0.147975,-0.065644,0.0063299984)
Gyroscope: (-0.13519499,-0.089074,0.0052649975)
Gyroscope: (-0.07236,-0.068839,0.016979998)
Gyroscope: (-0.05958,-0.035824,0.02763)
Gyroscope: (-0.081945,-0.018784,-0.004320003)
Gyroscope: (-0.16075501,-0.025174,-0.009645)
Gyroscope: (-0.092595,-0.030499,0.052125)
Gyroscope: (0.1236,0.021685999,0.143715)
Gyroscope: (0.12786001,0.038726002,0.121350005)
Gyroscope: (-0.13626,-0.028368998,0.084075004)
Gyroscope: (-0.21506998,-0.089074,0.052125)
Gyroscope: (-0.064905,-0.090139,0.021239998)
Gyroscope: (0.050115,-0.044344,0.022304999)
Gyroscope: (0.0053850003,-0.021979,0.00846)
Gyroscope: (-0.13626,-0.039019,-0.020294998)
Gyroscope: (-0.12348,-0.049669,-0.014970001)
Gyroscope: (0.04479,-6.7899935E-4,0.031889997)
Gyroscope: (0.02349,0.016361,0.08088)
Gyroscope: (-0.14158499,-0.033694,0.08727)
Gyroscope: (-0.05958,-0.023044001,0.08727)
Gyroscope: (0.011775,-0.030499,0.032955)
Gyroscope: (-0.09685499,-0.054994002,0.015914999)
Gyroscope: (-0.14478001,-0.067774,0.022304999)
Gyroscope: (-0.047864996,-0.050734,0.010589998)
Gyroscope: (-0.0042000003,-0.040084,0.0063299984)
Gyroscope: (-0.065969996,-0.057123996,-0.008580003)
Gyroscope: (-0.182055,-0.073099,-0.012840003)
Gyroscope: (-0.111765005,-0.047539,-0.006450001)
Gyroscope: (0.05544,0.003581,0.015914999)
Gyroscope: (-0.047864996,-0.015589001,0.030824998)
Gyroscope: (-0.13519499,-0.049669,0.031889997)
Gyroscope: (0.01923,-0.016654,0.00846)
Gyroscope: (0.033075,-0.017719,-0.037335005)
Gyroscope: (-0.098984994,-0.025174,-0.054375004)
Gyroscope: (-0.075555,-0.033694,-0.029879998)
Gyroscope: (0.018165002,-0.012394,0.0073949993)
Gyroscope: (0.010710001,-0.023044001,0.015914999)
Gyroscope: (-0.08727,-0.029434,0.011654999)
Gyroscope: (-0.062775,-0.023044001,-0.004320003)
Gyroscope: (0.012840001,-0.010264,-0.009645)
Gyroscope: (-0.022305,-0.010264,0.009524997)
Gyroscope: (-0.032955,-0.004939,0.022304999)
Gyroscope: (-0.047864996,-0.016654,-0.004320003)
Gyroscope: (-0.05958,-0.028368998,-0.03201)
Gyroscope: (-0.04467,-0.027304001,-0.029879998)
Gyroscope: (-0.037215002,-0.016654,-0.004320003)
Gyroscope: (-0.020174999,-6.7899935E-4,0.011654999)
Gyroscope: (-0.020174999,-0.014524,-0.004320003)
Gyroscope: (-0.04254,-0.016654,-0.008580003)
Gyroscope: (-0.029759996,-0.013458999,-0.0032550022)
Gyroscope: (-0.020174999,-0.006004,0.009524997)
Gyroscope: (-0.022305,-0.0017439993,0.01272)
Gyroscope: (-0.040409997,-0.007068999,0.0042000003)
Gyroscope: (-0.054255,-0.0038740002,0.00846)
Gyroscope: (-0.038280003,-0.013458999,0.0042000003)
Gyroscope: (0.014970001,0.011036,-5.9999526E-5)
Gyroscope: (-0.03402,0.003581,-0.010710001)
Gyroscope: (-0.132,-0.023044001,-0.009645)
Gyroscope: (-0.043605,-0.016654,-0.0021900013)
Gyroscope: (0.04053,-0.010264,-0.008580003)
Gyroscope: (-0.043605,-0.011328999,-0.020294998)
Gyroscope: (-0.107505,-0.026239,-0.012840003)
Gyroscope: (-0.024434999,-0.009198999,0.010589998)
Gyroscope: (0.04053,0.0067760004,0.0073949993)
Gyroscope: (-0.014849998,0.012101,-0.004320003)
Gyroscope: (-0.027630001,0.013166,0.0052649975)
Gyroscope: (-0.0010049976,0.007841,0.013784997)
Gyroscope: (0.0043199994,0.0014510006,0.01272)
Gyroscope: (-0.014849998,-0.007068999,0.0063299984)
Gyroscope: (0.0032550022,-6.7899935E-4,-0.0032550022)
Gyroscope: (0.01923,0.0046460005,-0.019230004)
Gyroscope: (-0.035085,-0.008134,-0.012840003)
Gyroscope: (-0.0063299984,-0.0038740002,0.0010049976)
Gyroscope: (0.007515,-0.009198999,-0.010710001)
Gyroscope: (-0.057449996,-0.012394,-0.02349)
Gyroscope: (-0.032955,-0.0028090002,-0.022425)
Gyroscope: (0.01923,0.023816,-0.007515002)
Gyroscope: (-0.0073949993,0.017426,0.011654999)
Gyroscope: (-0.047864996,0.0057110004,0.020174999)
Gyroscope: (-0.0052649975,0.009971,0.014849998)
Gyroscope: (0.02136,0.027011,0.016979998)
Gyroscope: (-0.0010049976,0.015296,-5.9999526E-5)
Gyroscope: (-0.043605,-0.004939,-0.021359999)
Gyroscope: (-0.029759996,-0.014524,-0.018165004)
Gyroscope: (-0.0073949993,-0.007068999,-0.009645)
Gyroscope: (-0.032955,-0.019849,-0.019230004)
Gyroscope: (-0.041474998,-0.024108998,-0.026685003)
Gyroscope: (-0.0255,-0.026239,-0.014970001)
Gyroscope: (-0.0020699985,-0.011328999,0.0020699985)
Gyroscope: (0.012840001,-0.007068999,0.0010049976)
Gyroscope: (-0.027630001,-0.010264,-0.014970001)
Gyroscope: (-0.018045,-0.0028090002,-0.019230004)
Gyroscope: (-0.013785001,0.012101,-0.012840003)
Gyroscope: (-0.020174999,0.011036,-0.007515002)
Gyroscope: (-0.0073949993,0.0046460005,-0.006450001)
Gyroscope: (-0.015914999,-0.0038740002,0.0010049976)
Gyroscope: (-0.0073949993,-0.014524,0.0052649975)
Gyroscope: (-0.0042000003,-0.007068999,-0.008580003)
Gyroscope: (-0.040409997,-0.021979,-0.030945)
Gyroscope: (-0.0681,-0.025174,-0.029879998)
Gyroscope: (-0.03615,-0.015589001,-0.006450001)
Gyroscope: (-0.015914999,0.003581,0.0042000003)
Gyroscope: (-0.041474998,3.860006E-4,-0.007515002)
Gyroscope: (-0.04467,0.0046460005,-0.008580003)
Gyroscope: (-0.0042000003,0.017426,0.009524997)
Gyroscope: (0.018165002,0.020621,0.0255)
Gyroscope: (-0.00846,0.0067760004,0.024434999)
Gyroscope: (-0.03402,-0.012394,0.0020699985)
Gyroscope: (-0.014849998,-0.014524,-0.024555001)
Gyroscope: (-0.019109998,-0.013458999,-0.018165004)
Gyroscope: (-0.02124,-0.007068999,-0.004320003)
Gyroscope: (-0.023369998,-0.018784,-0.010710001)
Gyroscope: (-0.023369998,-0.017719,-0.010710001)
Gyroscope: (0.011775,-0.010264,0.0010049976)
Gyroscope: (-0.0010049976,0.0014510006,0.0010049976)
Gyroscope: (-0.03615,3.860006E-4,-0.006450001)
Gyroscope: (-0.019109998,0.002516,0.0010049976)
Gyroscope: (0.022425,0.020621,0.02337)
Gyroscope: (5.9999526E-5,0.009971,0.022304999)
Gyroscope: (-0.04467,-0.0028090002,0.0020699985)
Gyroscope: (-0.029759996,-0.012394,0.0020699985)
Gyroscope: (0.0011250004,-0.0038740002,0.01272)
Gyroscope: (-0.0073949993,-6.7899935E-4,0.013784997)
Gyroscope: (-0.019109998,-0.0017439993,0.0031349994)
Gyroscope: (-0.026565,-0.014524,0.0073949993)
Gyroscope: (0.008580001,-0.014524,0.024434999)
Gyroscope: (-0.0020699985,-0.008134,0.026564999)
Gyroscope: (-0.022305,-0.009198999,0.0031349994)
Gyroscope: (-0.015914999,-0.0038740002,-0.009645)
Gyroscope: (0.0011250004,-0.0028090002,-0.004320003)
Gyroscope: (-0.00846,0.0067760004,0.014849998)
Gyroscope: (-0.0052649975,0.003581,0.018044999)
Gyroscope: (-0.020174999,3.860006E-4,0.011654999)
Gyroscope: (-0.018045,-0.007068999,0.0063299984)
Gyroscope: (0.010710001,0.003581,0.0042000003)
Gyroscope: (0.016035002,0.003581,0.0052649975)
Gyroscope: (-0.0255,0.0067760004,0.0073949993)
Gyroscope: (-0.029759996,-0.0038740002,0.0010049976)
Gyroscope: (0.0021900013,-0.0038740002,-0.010710001)
Gyroscope: (0.0011250004,-6.7899935E-4,-0.009645)
Gyroscope: (-0.046800002,-0.0028090002,0.0031349994)
Gyroscope: (-0.040409997,-0.007068999,0.0073949993)
Gyroscope: (-0.00846,-0.011328999,-0.006450001)
Gyroscope: (-0.0255,-0.008134,-0.022425)
Gyroscope: (-0.038280003,-0.008134,-0.033075)
Gyroscope: (-0.032955,-0.004939,-0.020294998)
Gyroscope: (0.0021900013,0.0046460005,0.011654999)
Gyroscope: (0.013905002,0.015296,0.03615)
Gyroscope: (-0.011654999,0.011036,0.020174999)
Gyroscope: (-0.023369998,-6.7899935E-4,-0.012840003)
Gyroscope: (0.008580001,3.860006E-4,-0.02349)
Gyroscope: (-0.0052649975,0.0067760004,-0.014970001)
Gyroscope: (-0.049994998,-6.7899935E-4,0.013784997)
Gyroscope: (-0.026565,-0.006004,0.021239998)
Gyroscope: (0.0021900013,-0.009198999,-5.9999526E-5)
Gyroscope: (0.0011250004,-0.0028090002,-0.020294998)
Gyroscope: (-0.027630001,-0.0028090002,-0.014970001)
Gyroscope: (-0.020174999,-0.007068999,-0.0021900013)
Gyroscope: (-0.0020699985,-0.0028090002,0.0073949993)
Gyroscope: (-0.009524997,0.0057110004,0.0020699985)
Gyroscope: (-0.0073949993,0.012101,-0.011775002)
Gyroscope: (-0.010589998,3.860006E-4,-0.020294998)
Gyroscope: (-0.022305,-0.010264,-0.004320003)
Gyroscope: (0.0011250004,-0.006004,0.022304999)
Gyroscope: (0.0032550022,-0.006004,0.015914999)
Gyroscope: (-0.023369998,-0.007068999,-0.009645)
Gyroscope: (-0.01698,-0.004939,-0.024555001)
Gyroscope: (-0.02124,-0.006004,-0.014970001)
Gyroscope: (-0.023369998,-0.018784,-0.009645)
Gyroscope: (-0.011654999,-0.013458999,-0.013905)
Gyroscope: (-0.015914999,-0.014524,-0.021359999)
Gyroscope: (-0.0255,-0.012394,-0.024555001)
Gyroscope: (-0.027630001,-0.015589001,-0.02349)
Gyroscope: (-0.028695002,-0.010264,-0.009645)
Gyroscope: (5.9999526E-5,0.0067760004,0.01272)
Gyroscope: (0.0043199994,0.017426,0.019109998)
Gyroscope: (-0.0063299984,0.011036,-5.9999526E-5)
Gyroscope: (-0.02124,-6.7899935E-4,-0.012840003)
Gyroscope: (-0.048929997,-0.013458999,-0.009645)
Gyroscope: (-0.028695002,-0.0038740002,0.0031349994)
Gyroscope: (0.0021900013,0.002516,0.0031349994)
Gyroscope: (-0.01272,0.008906,0.0020699985)
Gyroscope: (-0.009524997,0.007841,-0.0011250004)
Gyroscope: (-0.018045,-0.0028090002,-5.9999526E-5)
Gyroscope: (-0.0052649975,-0.007068999,0.009524997)
Gyroscope: (0.009645,-0.0038740002,0.016979998)
Gyroscope: (0.016035002,0.007841,0.011654999)
Gyroscope: (0.0021900013,0.008906,-0.007515002)
Gyroscope: (0.0043199994,0.011036,-0.027750004)
Gyroscope: (0.0011250004,0.0057110004,-0.020294998)
Gyroscope: (-0.0020699985,0.0067760004,0.0052649975)
Gyroscope: (-0.026565,3.860006E-4,0.0042000003)
Gyroscope: (-0.032955,-0.009198999,-0.010710001)
Gyroscope: (0.018165002,0.0014510006,-0.009645)
Gyroscope: (0.01923,0.003581,-0.008580003)
Gyroscope: (-0.048929997,-0.0017439993,-0.019230004)
Gyroscope: (-0.040409997,-0.007068999,-0.035205003)
Gyroscope: (0.0021900013,-0.0017439993,-0.041595)
Gyroscope: (0.0053850003,0.011036,-0.024555001)
Gyroscope: (0.0043199994,0.015296,-0.0021900013)
Gyroscope: (0.007515,0.009971,0.0031349994)
Gyroscope: (0.0021900013,0.0057110004,0.011654999)
Gyroscope: (0.007515,0.013166,0.02337)
Gyroscope: (0.012840001,0.016361,0.022304999)
Gyroscope: (-0.030824997,0.0067760004,0.009524997)
Gyroscope: (-0.052125,-0.0038740002,-0.0032550022)
Gyroscope: (-0.027630001,-0.0038740002,-0.010710001)
Gyroscope: (0.014970001,3.860006E-4,-0.019230004)
Gyroscope: (0.0043199994,0.008906,-0.010710001)
Gyroscope: (-0.037215002,0.0046460005,0.0020699985)
Gyroscope: (-0.019109998,0.013166,0.021239998)
Gyroscope: (0.01923,0.007841,0.02976)
Gyroscope: (0.0011250004,0.0067760004,0.03402)
Gyroscope: (0.012840001,0.0067760004,0.02763)
Gyroscope: (0.02136,0.011036,0.020174999)
Gyroscope: (0.0011250004,3.860006E-4,0.014849998)
Gyroscope: (-0.04254,-0.010264,0.0063299984)
Gyroscope: (-0.013785001,-0.011328999,-0.0011250004)
Gyroscope: (0.020295002,-0.0017439993,0.0010049976)
Gyroscope: (-0.019109998,-0.010264,0.0042000003)
Gyroscope: (-0.03402,-0.004939,0.013784997)
Gyroscope: (-0.0063299984,-0.008134,0.015914999)
Gyroscope: (0.010710001,3.860006E-4,0.024434999)
Gyroscope: (0.012840001,0.0067760004,0.016979998)
Gyroscope: (-0.027630001,0.0014510006,-0.0053850003)
Gyroscope: (-0.015914999,-6.7899935E-4,-0.013905)
Gyroscope: (-0.0073949993,0.0057110004,-0.0021900013)
Gyroscope: (-0.020174999,-6.7899935E-4,0.0063299984)
Gyroscope: (-0.014849998,3.860006E-4,0.00846)
Gyroscope: (0.0032550022,0.0046460005,0.0031349994)
Gyroscope: (-0.01272,3.860006E-4,-0.007515002)
Gyroscope: (-0.019109998,-0.011328999,-0.022425)
Gyroscope: (0.007515,-0.0017439993,-0.018165004)
Gyroscope: (0.0171,0.012101,0.0042000003)
Gyroscope: (-0.022305,0.009971,0.0063299984)
Gyroscope: (-0.03402,0.0014510006,-0.013905)
Gyroscope: (0.02349,0.0046460005,-0.026685003)
Gyroscope: (-0.0042000003,0.003581,-0.011775002)
Gyroscope: (-0.064905,-0.008134,-0.007515002)
Gyroscope: (-0.020174999,-0.016654,-0.009645)
Gyroscope: (0.02775,-0.013458999,-0.006450001)
Gyroscope: (-0.015914999,-0.007068999,-0.004320003)
Gyroscope: (-0.027630001,-6.7899935E-4,-0.009645)
Gyroscope: (0.02988,0.008906,-0.009645)
Gyroscope: (0.02988,0.014231,0.0042000003)
Gyroscope: (-0.027630001,0.0046460005,0.0073949993)
Gyroscope: (-0.011654999,-6.7899935E-4,-0.0011250004)
Gyroscope: (0.039465003,0.016361,-0.0032550022)
Gyroscope: (0.011775,0.016361,-0.0032550022)
Gyroscope: (-0.03402,0.0067760004,-0.010710001)
Gyroscope: (0.0043199994,-6.7899935E-4,-0.018165004)
Gyroscope: (0.014970001,3.860006E-4,-0.018165004)
Gyroscope: (-0.022305,-0.0038740002,-0.011775002)
Gyroscope: (-0.0255,-0.0028090002,-0.007515002)
Gyroscope: (0.0043199994,-0.0038740002,-0.007515002)
Gyroscope: (0.007515,-0.008134,-0.014970001)
Gyroscope: (-0.01698,-0.009198999,-0.021359999)
Gyroscope: (-0.03402,-0.006004,-0.021359999)
Gyroscope: (-0.00846,-0.0017439993,-0.021359999)
Gyroscope: (0.0171,0.009971,-0.008580003)
Gyroscope: (5.9999526E-5,0.007841,0.0063299984)
Gyroscope: (-0.018045,-0.008134,-0.0053850003)
Gyroscope: (-0.0052649975,-0.011328999,-0.010710001)
Gyroscope: (-0.027630001,0.020621,-0.0021900013)
Gyroscope: (-0.045735,0.022751,0.010589998)
Gyroscope: (-0.056384996,0.008906,0.01272)
Gyroscope: (-0.023369998,0.0014510006,0.0042000003)
Gyroscope: (0.007515,0.0067760004,-0.0021900013)
Gyroscope: (-0.024434999,0.0014510006,0.0031349994)
Gyroscope: (-0.035085,3.860006E-4,-0.009645)
Gyroscope: (0.0021900013,-0.004939,-0.029879998)
Gyroscope: (5.9999526E-5,-0.008134,-0.026685003)
Gyroscope: (-0.011654999,-0.011328999,-0.014970001)
Gyroscope: (0.012840001,-0.006004,-0.014970001)
Gyroscope: (-0.0031349994,-0.010264,-0.016035002)
Gyroscope: (-0.024434999,-0.008134,-0.0053850003)
Gyroscope: (0.022425,0.0014510006,0.0020699985)
Gyroscope: (0.04053,0.0067760004,0.0031349994)
Gyroscope: (-0.009524997,3.860006E-4,-0.0053850003)
Gyroscope: (-0.02124,-0.0017439993,-0.014970001)
Gyroscope: (0.014970001,0.002516,-0.013905)
Gyroscope: (0.018165002,0.009971,-0.010710001)
Gyroscope: (-0.026565,-0.0038740002,-0.011775002)
Gyroscope: (-0.0255,-0.011328999,-0.0053850003)
Gyroscope: (0.02775,-0.0017439993,-0.0021900013)
Gyroscope: (0.0043199994,0.0014510006,-5.9999526E-5)
Gyroscope: (-0.045735,-0.010264,-0.004320003)
Gyroscope: (-0.024434999,-0.013458999,-0.008580003)
Gyroscope: (0.03201,-0.007068999,-0.008580003)
Gyroscope: (0.010710001,0.003581,-0.0053850003)
Gyroscope: (-0.028695002,-0.0038740002,-0.004320003)
Gyroscope: (-0.00846,-6.7899935E-4,-5.9999526E-5)
Gyroscope: (0.018165002,0.0014510006,0.009524997)
Gyroscope: (-0.011654999,-0.0017439993,0.00846)
Gyroscope: (-0.029759996,-0.008134,-0.0032550022)
Gyroscope: (0.009645,-0.0028090002,-0.008580003)
Gyroscope: (0.020295002,-0.0017439993,-0.006450001)
Gyroscope: (-0.030824997,-0.012394,-0.0011250004)
Gyroscope: (-0.03615,-0.015589001,0.0020699985)
Gyroscope: (0.0053850003,-0.006004,-5.9999526E-5)
Gyroscope: (0.02775,0.009971,0.0073949993)
Gyroscope: (-0.0052649975,0.011036,0.011654999)
Gyroscope: (-0.032955,-0.0028090002,0.0052649975)
Gyroscope: (-0.009524997,-0.011328999,0.0042000003)
Gyroscope: (0.012840001,-0.004939,0.01272)
Gyroscope: (-0.0073949993,-0.0038740002,0.0073949993)
Gyroscope: (-0.04467,-0.016654,-0.013905)
Gyroscope: (-0.020174999,-0.016654,-0.029879998)
Gyroscope: (0.0011250004,-0.013458999,-0.021359999)
Gyroscope: (-0.009524997,-0.011328999,-0.0032550022)
Gyroscope: (-0.038280003,-0.016654,0.0020699985)
Gyroscope: (-0.02124,-0.014524,-0.016035002)
Gyroscope: (0.011775,-0.0028090002,-0.021359999)
Gyroscope: (-0.0063299984,0.0046460005,0.009524997)
Gyroscope: (-0.01698,0.0014510006,0.02976)
Gyroscope: (-0.0031349994,-0.0038740002,0.01272)
Gyroscope: (0.014970001,-0.0017439993,-0.007515002)
Gyroscope: (-0.0255,0.002516,-0.006450001)
Gyroscope: (-0.028695002,-0.0028090002,-0.0032550022)
Gyroscope: (0.020295002,0.0014510006,-0.0011250004)
Gyroscope: (0.012840001,0.0014510006,0.013784997)
Gyroscope: (-0.0073949993,0.0014510006,0.028694998)
Gyroscope: (-0.0073949993,0.0014510006,0.022304999)
Gyroscope: (0.0021900013,0.002516,0.011654999)
Gyroscope: (0.012840001,0.009971,0.011654999)
Gyroscope: (5.9999526E-5,0.011036,0.01272)
Gyroscope: (-0.0042000003,0.002516,0.0042000003)
Gyroscope: (-0.0020699985,0.002516,0.0052649975)
Gyroscope: (-0.013785001,-0.006004,0.010589998)
Gyroscope: (-0.0255,-0.0017439993,0.016979998)
Gyroscope: (0.013905002,0.0046460005,0.01272)
Gyroscope: (0.007515,0.011036,0.009524997)
Gyroscope: (-0.020174999,0.002516,0.013784997)
Gyroscope: (0.007515,0.0057110004,0.024434999)
Gyroscope: (0.016035002,0.003581,0.018044999)
Gyroscope: (-0.023369998,-0.0028090002,-0.0032550022)
Gyroscope: (-0.0042000003,-0.0028090002,-0.013905)
Gyroscope: (0.013905002,0.0014510006,-0.0032550022)
Gyroscope: (-0.00846,-0.0017439993,0.009524997)
Gyroscope: (-0.01698,-0.004939,0.00846)
Gyroscope: (0.008580001,-6.7899935E-4,-0.0021900013)
Gyroscope: (5.9999526E-5,0.002516,-0.006450001)
Gyroscope: (-0.01272,-6.7899935E-4,-0.0021900013)
Gyroscope: (0.0032550022,3.860006E-4,-0.0021900013)
Gyroscope: (5.9999526E-5,-0.0017439993,-0.0011250004)
Gyroscope: (-0.019109998,-0.0028090002,-0.0011250004)
Gyroscope: (-0.020174999,-0.009198999,-0.0011250004)
Gyroscope: (-0.0031349994,-0.004939,0.0042000003)
Gyroscope: (-0.0042000003,-0.006004,0.0042000003)
Gyroscope: (-0.0020699985,0.0014510006,-0.0021900013)
Gyroscope: (0.0053850003,0.002516,-0.014970001)
Gyroscope: (-0.0063299984,3.860006E-4,-0.017100003)
Gyroscope: (-0.00846,-0.0017439993,0.0010049976)
Gyroscope: (0.008580001,3.860006E-4,0.013784997)
Gyroscope: (-0.0031349994,-0.0028090002,0.0073949993)
Gyroscope: (-0.02124,-0.006004,-0.007515002)
Gyroscope: (0.0043199994,-0.0017439993,-0.009645)
Gyroscope: (0.0011250004,-6.7899935E-4,-0.0053850003)
Gyroscope: (-0.022305,-0.004939,-0.006450001)
Gyroscope: (-0.010589998,-0.006004,-0.013905)
Gyroscope: (0.0043199994,-0.0017439993,-0.019230004)
Gyroscope: (-0.0042000003,0.0046460005,-0.008580003)
Gyroscope: (-0.009524997,0.0067760004,0.0031349994)
Gyroscope: (-0.009524997,0.002516,0.0010049976)
Gyroscope: (0.0021900013,-6.7899935E-4,-0.0021900013)
Gyroscope: (-0.015914999,-0.0028090002,0.0052649975)
Gyroscope: (-0.011654999,-0.008134,0.00846)
Gyroscope: (5.9999526E-5,3.860006E-4,0.0042000003)
Gyroscope: (-0.013785001,-0.006004,-0.006450001)
Gyroscope: (-0.013785001,-0.0028090002,-0.007515002)
Gyroscope: (0.0043199994,-0.006004,0.0031349994)
Gyroscope: (0.0021900013,0.0014510006,0.0052649975)
Gyroscope: (-0.020174999,-0.004939,0.009524997)
Gyroscope: (-0.009524997,3.860006E-4,0.011654999)
Gyroscope: (-0.0020699985,-0.0017439993,0.0042000003)
Gyroscope: (0.0021900013,0.0046460005,-0.006450001)
Gyroscope: (0.014970001,0.0014510006,-0.004320003)
Gyroscope: (0.009645,0.003581,0.0031349994)
Gyroscope: (-0.027630001,-0.009198999,0.0052649975)
Gyroscope: (-0.020174999,-0.008134,0.0010049976)
Gyroscope: (0.012840001,-0.004939,-0.008580003)
Gyroscope: (-0.01272,-0.004939,-0.008580003)
Gyroscope: (-0.013785001,-0.0017439993,0.0042000003)
Gyroscope: (5.9999526E-5,0.002516,0.00846)
Gyroscope: (-0.0255,-0.0038740002,-0.0011250004)
Gyroscope: (-0.0042000003,-0.0017439993,-0.007515002)
Gyroscope: (0.02136,0.0067760004,0.0010049976)
Gyroscope: (-0.0073949993,0.008906,0.011654999)
Gyroscope: (-0.027630001,-0.0017439993,0.010589998)
Gyroscope: (0.0032550022,3.860006E-4,0.010589998)
Gyroscope: (0.016035002,0.002516,0.009524997)
Gyroscope: (5.9999526E-5,0.0046460005,0.0042000003)
Gyroscope: (-0.02124,-0.0017439993,-0.0011250004)
Gyroscope: (-0.009524997,-0.0017439993,-0.0032550022)
Gyroscope: (0.014970001,-6.7899935E-4,-0.004320003)
Gyroscope: (0.0043199994,0.002516,0.0031349994)
Gyroscope: (-0.026565,-0.008134,0.0063299984)
Gyroscope: (-0.013785001,-0.010264,-5.9999526E-5)
Gyroscope: (0.016035002,-6.7899935E-4,0.0020699985)
Gyroscope: (-0.0063299984,0.002516,-0.0011250004)
Gyroscope: (-0.01698,-0.0038740002,-0.008580003)
Gyroscope: (0.018165002,-0.0017439993,-0.006450001)
Gyroscope: (0.0021900013,-6.7899935E-4,-5.9999526E-5)
Gyroscope: (-0.032955,-0.006004,0.0010049976)
Gyroscope: (0.011775,-6.7899935E-4,-0.0053850003)
Gyroscope: (0.02136,0.002516,-0.008580003)
Gyroscope: (-0.027630001,0.0014510006,-0.007515002)
Gyroscope: (-0.018045,-0.0017439993,-0.0053850003)
Gyroscope: (0.014970001,-0.0028090002,-0.0021900013)
Gyroscope: (-0.018045,-0.009198999,-0.007515002)
Gyroscope: (-0.028695002,-0.008134,-0.014970001)
Gyroscope: (-0.0042000003,-0.0038740002,-0.010710001)
Gyroscope: (-0.0052649975,-0.008134,-0.007515002)
Gyroscope: (-0.020174999,-0.008134,-0.009645)
Gyroscope: (-0.0073949993,3.860006E-4,-0.009645)
Gyroscope: (0.009645,0.007841,-0.006450001)
Gyroscope: (-0.0020699985,0.0014510006,-0.0021900013)
Gyroscope: (-0.0020699985,0.0014510006,0.0020699985)
Gyroscope: (0.007515,3.860006E-4,0.0031349994)
Gyroscope: (0.0021900013,-6.7899935E-4,0.0010049976)
Gyroscope: (-0.018045,-0.008134,0.0020699985)
Gyroscope: (0.0043199994,-0.0017439993,-5.9999526E-5)
Gyroscope: (0.006450001,-6.7899935E-4,-5.9999526E-5)
Gyroscope: (-0.029759996,-0.0028090002,0.0031349994)
Gyroscope: (-0.032955,-0.006004,0.0042000003)
Gyroscope: (0.0011250004,-0.006004,0.0020699985)
Gyroscope: (0.0011250004,-0.008134,-0.0021900013)
Gyroscope: (-0.023369998,-0.011328999,-0.009645)
Gyroscope: (-0.02124,-0.011328999,-0.013905)
Gyroscope: (-0.01272,-0.011328999,-0.017100003)
Gyroscope: (-0.01272,-0.008134,-0.006450001)
Gyroscope: (0.0021900013,-0.006004,0.0063299984)
Gyroscope: (-0.0031349994,-0.0038740002,0.00846)
Gyroscope: (-0.0255,-0.006004,0.0010049976)
Gyroscope: (-0.0052649975,-0.004939,-0.004320003)
Gyroscope: (0.016035002,0.007841,0.0020699985)
Gyroscope: (-0.009524997,0.003581,0.0042000003)
Gyroscope: (-0.02124,-6.7899935E-4,0.0031349994)
Gyroscope: (0.0011250004,-0.004939,0.0031349994)
Gyroscope: (-0.010589998,-0.004939,0.0073949993)
Gyroscope: (-0.0020699985,-0.010264,0.0031349994)
Gyroscope: (0.012840001,-0.004939,0.0010049976)
Gyroscope: (-0.023369998,-0.011328999,0.0052649975)
Gyroscope: (-0.0255,-0.007068999,0.0010049976)
Gyroscope: (0.013905002,3.860006E-4,-0.0053850003)
Gyroscope: (5.9999526E-5,-0.0017439993,0.0010049976)
Gyroscope: (-0.01698,-0.0017439993,0.009524997)
Gyroscope: (0.0011250004,-6.7899935E-4,0.0020699985)
Gyroscope: (0.011775,-6.7899935E-4,-0.008580003)
Gyroscope: (-0.0042000003,0.0014510006,0.0020699985)
Gyroscope: (-0.02124,3.860006E-4,0.016979998)
Gyroscope: (-0.0020699985,-6.7899935E-4,0.009524997)
Gyroscope: (0.010710001,-0.0028090002,-0.0021900013)
Gyroscope: (-0.009524997,0.0046460005,-5.9999526E-5)
Gyroscope: (-0.023369998,3.860006E-4,-0.0011250004)
Gyroscope: (-0.0031349994,3.860006E-4,-0.0053850003)
Gyroscope: (0.0053850003,-0.004939,-5.9999526E-5)
Gyroscope: (-0.0042000003,0.0014510006,0.00846)
Gyroscope: (-0.010589998,-0.0038740002,0.0042000003)
Gyroscope: (-0.0063299984,-0.008134,-0.004320003)
Gyroscope: (0.009645,-0.0017439993,-5.9999526E-5)
Gyroscope: (0.0021900013,0.003581,0.0020699985)
Gyroscope: (-0.013785001,3.860006E-4,-0.008580003)
Gyroscope: (-0.0063299984,-0.0028090002,-0.0032550022)
Gyroscope: (-0.0052649975,3.860006E-4,0.016979998)
Gyroscope: (0.0011250004,3.860006E-4,0.014849998)
Gyroscope: (0.010710001,0.0014510006,-0.0011250004)
Gyroscope: (0.006450001,-0.008134,-0.0053850003)
Gyroscope: (-0.010589998,-0.009198999,0.0010049976)
Gyroscope: (-0.024434999,-0.017719,-0.0032550022)
Gyroscope: (-0.013785001,-0.016654,-0.0053850003)
Gyroscope: (-0.0010049976,-0.0038740002,0.0042000003)
Gyroscope: (-0.0063299984,-6.7899935E-4,0.0063299984)
Gyroscope: (0.0021900013,-0.0017439993,-0.0011250004)
Gyroscope: (0.007515,-0.0017439993,-0.0011250004)
Gyroscope: (-0.018045,-0.0038740002,0.0031349994)
Gyroscope: (-0.018045,-0.007068999,0.0073949993)
Gyroscope: (0.016035002,3.860006E-4,0.0052649975)
Gyroscope: (0.013905002,-0.0017439993,-0.0032550022)
Gyroscope: (-0.027630001,-0.007068999,0.0010049976)
Gyroscope: (-0.019109998,-0.009198999,0.0042000003)
Gyroscope: (0.008580001,-0.0038740002,-5.9999526E-5)
Gyroscope: (5.9999526E-5,-0.0028090002,-0.0021900013)
Gyroscope: (-0.018045,3.860006E-4,0.0052649975)
Gyroscope: (0.0021900013,0.003581,0.0073949993)
Gyroscope: (-0.013785001,-0.0028090002,-0.0021900013)
Gyroscope: (-0.0020699985,0.0014510006,-0.0053850003)
Gyroscope: (0.013905002,0.009971,0.0052649975)
Gyroscope: (-0.014849998,3.860006E-4,0.013784997)
Gyroscope: (-0.011654999,-0.008134,0.009524997)
Gyroscope: (0.0021900013,-0.007068999,-0.0032550022)
Gyroscope: (-0.00846,-0.0038740002,-5.9999526E-5)
Gyroscope: (-0.02124,-0.0038740002,0.009524997)
Gyroscope: (-0.0063299984,-0.0038740002,0.0073949993)
Gyroscope: (-0.0031349994,0.002516,-5.9999526E-5)
Gyroscope: (-0.009524997,0.003581,0.0020699985)
Gyroscope: (-0.0031349994,0.0046460005,0.010589998)
Gyroscope: (-0.0020699985,3.860006E-4,0.019109998)
Gyroscope: (-0.010589998,0.002516,0.020174999)
Gyroscope: (-0.011654999,0.003581,0.0063299984)
Gyroscope: (-0.0042000003,0.018491,-0.020294998)
Gyroscope: (0.014970001,0.033400998,-0.04053)
Gyroscope: (-0.03402,0.025946,-0.029879998)
Gyroscope: (-0.069165,3.860006E-4,-0.0032550022)
Gyroscope: (0.013905002,-0.0028090002,0.0073949993)
Gyroscope: (0.037335,-0.004939,-0.014970001)
Gyroscope: (-0.056384996,-0.017719,-0.029879998)
Gyroscope: (-0.071295,-0.029434,-0.033075)
Gyroscope: (0.007515,-0.033694,-0.03201)
Gyroscope: (-0.0073949993,-0.032629,-0.041595)
Gyroscope: (-0.06384,-0.030499,-0.052245002)
Gyroscope: (-0.052125,-0.015589001,-0.044790003)
Gyroscope: (-0.0031349994,-0.0028090002,-0.035205003)
Gyroscope: (-0.0020699985,0.007841,-0.025620002)
Gyroscope: (0.011775,0.013166,-0.021359999)
Gyroscope: (0.02349,0.003581,-0.018165004)
Gyroscope: (0.0171,-6.7899935E-4,0.0010049976)
Gyroscope: (-0.013785001,-0.011328999,0.0042000003)
Gyroscope: (-0.046800002,-0.006004,-0.006450001)
Gyroscope: (-0.01272,-6.7899935E-4,-0.012840003)
Gyroscope: (0.01923,0.011036,-0.009645)
Gyroscope: (0.0011250004,0.007841,0.0031349994)
Gyroscope: (-0.011654999,0.007841,0.016979998)
Gyroscope: (0.0043199994,0.012101,0.028694998)
Gyroscope: (0.04053,0.025946,0.0255)
Gyroscope: (0.0171,0.019556,0.021239998)
Gyroscope: (-0.018045,0.0067760004,0.01272)
Gyroscope: (-0.0010049976,-0.009198999,-0.0032550022)
Gyroscope: (0.014970001,-0.008134,-0.009645)
Gyroscope: (-0.010589998,-0.0038740002,-0.006450001)
Gyroscope: (-0.029759996,-6.7899935E-4,-5.9999526E-5)
Gyroscope: (0.007515,0.002516,0.0031349994)
Gyroscope: (0.011775,-0.0028090002,-0.006450001)
Gyroscope: (-0.020174999,-0.006004,-0.013905)
Gyroscope: (-0.0063299984,-6.7899935E-4,-0.017100003)
Gyroscope: (-0.0031349994,-0.004939,-0.029879998)
Gyroscope: (-0.031889997,-0.014524,-0.029879998)
Gyroscope: (-0.0020699985,-0.017719,-0.017100003)
Gyroscope: (0.026685001,-0.009198999,-0.006450001)
Gyroscope: (-0.0063299984,-0.011328999,-0.017100003)
Gyroscope: (-0.027630001,-0.007068999,-0.033075)
Gyroscope: (-0.0063299984,-0.0038740002,-0.030945)
Gyroscope: (0.006450001,0.007841,-0.014970001)
Gyroscope: (-0.0010049976,0.008906,-0.017100003)
Gyroscope: (-0.0052649975,0.0057110004,-0.026685003)
Gyroscope: (0.006450001,-6.7899935E-4,-0.013905)
Gyroscope: (0.012840001,-0.0017439993,0.011654999)
Gyroscope: (-0.014849998,-0.032629,0.010589998)
Gyroscope: (-0.049994998,-0.040084,0.0073949993)
Gyroscope: (0.016035002,-0.017719,0.039345)
Gyroscope: (0.057570003,0.015296,0.054254998)
Gyroscope: (-0.0031349994,0.0067760004,0.04467)
Gyroscope: (-0.047864996,-0.006004,0.028694998)
Gyroscope: (-0.030824997,-0.015589001,-0.004320003)
Gyroscope: (0.02775,-0.007068999,-0.02349)
Gyroscope: (0.04479,0.013166,-0.022425)
Gyroscope: (0.006450001,0.0067760004,-0.028815005)
Gyroscope: (-0.010589998,-0.0038740002,-0.009645)
Gyroscope: (0.026685001,-0.0017439993,0.009524997)
Gyroscope: (0.0171,-0.006004,-0.008580003)
Gyroscope: (-0.019109998,-0.0038740002,-0.033075)
Gyroscope: (-0.0073949993,0.003581,-0.019230004)
Gyroscope: (0.033075,0.015296,0.0020699985)
Gyroscope: (-0.0052649975,-0.0038740002,-0.012840003)
Gyroscope: (-0.022305,-0.011328999,-0.024555001)
Gyroscope: (0.0032550022,-0.012394,-0.027750004)
Gyroscope: (-0.015914999,-0.016654,-0.037335005)
Gyroscope: (-0.020174999,-0.014524,-0.04266)
Gyroscope: (-0.029759996,-0.023044001,-0.060765002)
Gyroscope: (-0.065969996,-0.028368998,-0.09058499)
Gyroscope: (-0.069165,-0.033694,-0.143835)
Gyroscope: (-0.06384,-0.039019,-0.24820499)
Gyroscope: (-0.08727,-0.057123996,-0.42180002)
Gyroscope: (-0.14265001,-0.082684,-0.648645)
Gyroscope: (-0.15542999,-0.098659,-0.90957)
Gyroscope: (-0.15755999,-0.13273901,-1.16304)
Gyroscope: (-0.20868,-0.194509,-1.35048)
Gyroscope: (-0.22571999,-0.276514,-1.39947)
Gyroscope: (-0.17886001,-0.348934,-1.355805)
Gyroscope: (-0.119219996,-0.411769,-1.33557)
Gyroscope: (-0.090465,-0.476734,-1.3728449)
Gyroscope: (0.034140002,-0.550219,-1.40799)
Gyroscope: (0.099105,-0.640744,-1.4133149)
Gyroscope: (-0.10431,-0.697189,-1.41225)
Gyroscope: (-0.418485,-0.729139,-1.39308)
Gyroscope: (-0.56332505,-0.774934,-1.379235)
Gyroscope: (-0.465345,-0.805819,-1.379235)
Gyroscope: (-0.33435,-0.821794,-1.4133149)
Gyroscope: (-0.292815,-0.858004,-1.43994)
Gyroscope: (-0.224655,-0.914449,-1.39521)
Gyroscope: (-0.14478001,-0.960244,-1.3249199)
Gyroscope: (-0.048929997,-0.940009,-1.3728449)
Gyroscope: (-0.06171,-0.955984,-1.4612399)
Gyroscope: (-0.20655,-1.046509,-1.46976)
Gyroscope: (-0.41742,-1.084849,-1.39521)
Gyroscope: (-0.625095,-1.045444,-1.400535)
Gyroscope: (-0.725205,-1.028404,-1.44207)
Gyroscope: (-0.4941,-1.0635489,-1.4612399)
Gyroscope: (-0.20442,-1.0880439,-1.45698)
Gyroscope: (-0.16501501,-1.053964,-1.521945)
Gyroscope: (0.0171,-1.161529,-1.334505)
Gyroscope: (-0.031889997,-1.2414039,-1.2439799)
Gyroscope: (-0.24595499,-1.155139,-1.343025)
Gyroscope: (-0.292815,-1.164724,-1.3249199)
Gyroscope: (-0.29388,-1.186024,-1.328115)
Gyroscope: (-0.095790006,-1.1924139,-1.347285)
Gyroscope: (0.0597,-1.246729,-1.400535)
Gyroscope: (0.01923,-1.246729,-1.432485)
Gyroscope: (-0.0052649975,-1.201999,-1.44207)
Gyroscope: (-0.0073949993,-1.154074,-1.3973399)
Gyroscope: (-0.083009996,-1.1764389,-1.453785)
Gyroscope: (-0.10431,-1.113604,-1.443135)
Gyroscope: (-0.177795,-1.045444,-1.524075)
Gyroscope: (-0.20122501,-1.0081689,-1.61886)
Gyroscope: (-0.112830006,-0.90486395,-1.568805)
Gyroscope: (0.014970001,-0.835639,-1.577325)
Gyroscope: (0.1236,-0.82498896,-1.6380299)
Gyroscope: (0.086325005,-0.779194,-1.658265)
Gyroscope: (-0.10644,-0.701449,-1.675305)
Gyroscope: (-0.158625,-0.673759,-1.713645)
Gyroscope: (0.04053,-0.663109,-1.66785)
Gyroscope: (-0.588885,-0.522529,-1.76157)
Gyroscope: (-1.5505799,-0.536374,-1.796715)
Gyroscope: (-1.828545,-0.59175396,-1.84251)
Gyroscope: (-1.74867,-0.62050897,-1.77222)
Gyroscope: (-2.08095,-0.560869,-1.524075)
Gyroscope: (-1.941435,-0.502294,-1.25037)
Gyroscope: (-1.43556,-0.51507396,-0.88614)
Gyroscope: (-1.12884,-0.618379,-0.701895)
Gyroscope: (-2.033025,-0.918709,-0.842475)
Gyroscope: (-1.5431249,-0.66843396,-0.70935)
Gyroscope: (0.83608496,-0.198769,-0.48783)
Gyroscope: (0.314235,-0.341479,-0.478245)
Gyroscope: (-0.53883004,-0.313789,-0.471855)
Gyroscope: (-0.48984,-0.21154901,-0.508065)
Gyroscope: (-0.30453,-0.16894901,-0.49635002)
Gyroscope: (-0.2598,-0.128479,-0.36429)
Gyroscope: (-0.20974499,-0.028368998,-0.18111)
Gyroscope: (-0.214005,0.0014510006,-0.12573)
Gyroscope: (-0.054255,-0.020914,-0.10655999)
Gyroscope: (0.23116499,-0.026239,-0.109754995)
Gyroscope: (0.37174502,0.017426,-0.077805)
Gyroscope: (0.26844,0.018491,-0.04053)
Gyroscope: (0.252465,0.018491,-0.010710001)
Gyroscope: (0.358965,0.050441,-0.018165004)
Gyroscope: (0.567705,0.117536,0.0042000003)
Gyroscope: (1.14813,0.154811,0.18738)
Gyroscope: (0.73171496,0.028076,0.24702)
Gyroscope: (0.73278,0.073871,0.258735)
Gyroscope: (0.94365,0.089846,0.27684)
Gyroscope: (1.1034,0.147356,0.324765)
Gyroscope: (1.185405,0.15055099,0.322635)
Gyroscope: (1.1012701,0.096236,0.331155)
Gyroscope: (1.019265,0.054701,0.33435)
Gyroscope: (1.051215,0.047246,0.30453)
Gyroscope: (1.0182,0.073871,0.28536)
Gyroscope: (0.86057997,0.13244599,0.280035)
Gyroscope: (0.710415,0.098366,0.24702)
Gyroscope: (0.63693,0.068546,0.19590001)
Gyroscope: (0.61989,0.122861,0.15862499)
Gyroscope: (0.50699997,0.138836,0.133065)
Gyroscope: (0.32382,0.079196,0.102180004)
Gyroscope: (0.22903499,0.060026,0.064905)
Gyroscope: (0.260985,0.094106,0.037215)
Gyroscope: (0.26844,0.113276,0.047865)
Gyroscope: (0.22264501,0.084521,0.05958)
Gyroscope: (0.288675,0.055766,0.069165)
Gyroscope: (0.43990502,0.055766,0.077685)
Gyroscope: (0.46014002,0.054701,0.096855)
Gyroscope: (0.32169002,0.032336,0.094725)
Gyroscope: (0.26418,0.028076,0.069165)
Gyroscope: (0.33447,0.023816,0.064905)
Gyroscope: (0.33553502,0.007841,0.0681)
Gyroscope: (0.30891,-0.075229,0.04467)
Gyroscope: (0.29719502,-0.043279,0.060645)
Gyroscope: (0.288675,0.017426,0.07875)
Gyroscope: (0.24500999,0.049376,0.075555)
Gyroscope: (0.22264501,0.086651,0.05958)
Gyroscope: (0.21305999,0.056831,0.07236)
Gyroscope: (0.131055,-0.044344,0.065969996)
Gyroscope: (0.08845501,-0.118894,0.047865)
Gyroscope: (0.15981,-0.056059003,0.069165)
Gyroscope: (0.099105,0.013166,0.071295)
Gyroscope: (0.0011250004,0.019556,0.026564999)
Gyroscope: (-0.05106,0.040856,0.011654999)
Gyroscope: (-0.040409997,-0.021979,-0.0021900013)
Gyroscope: (-0.01698,-0.059253998,-0.0032550022)
Gyroscope: (0.009645,-0.056059003,0.021239998)
Gyroscope: (0.0032550022,-0.047539,0.010589998)
Gyroscope: (-0.03615,0.0067760004,0.0010049976)
Gyroscope: (-0.08514,0.064286,-5.9999526E-5)
Gyroscope: (-0.15116999,0.096236,-0.021359999)
Gyroscope: (-0.18099001,0.088781,-0.092714995)
Gyroscope: (-0.0681,0.080261,-0.14703)
Gyroscope: (0.04905,0.054701,-0.118275)
Gyroscope: (0.086325005,-0.004939,0.056385)
Gyroscope: (0.07248,-0.035824,0.109634995)
Gyroscope: (0.050115,-0.12315401,0.058514997)
Gyroscope: (-0.049994998,-0.23178399,0.031889997)
Gyroscope: (-0.105375,-0.271189,0.019109998)
Gyroscope: (-0.05958,-0.090139,0.026564999)
Gyroscope: (-0.083009996,0.020621,0.056385)
