Gyroscope: (-0.038280003,-0.092269,-0.03201)
Gyroscope: (0.007515,0.152681,-0.02349)
Gyroscope: (-0.023369998,0.111146,0.016979998)
Gyroscope: (-0.065969996,0.057896,0.0073949993)
Gyroscope: (-0.110700004,0.081326,-0.014970001)
Gyroscope: (-0.22358999,-0.0028090002,0.020174999)
Gyroscope: (-0.21081,-0.095464,-0.039465)
Gyroscope: (-0.075555,-0.028368998,-0.058635)
Gyroscope: (-0.04254,-0.014524,-0.03201)
Gyroscope: (-0.105375,-0.027304001,-0.018165004)
Gyroscope: (-0.13093501,-0.034759,-0.014970001)
Gyroscope: (-0.067035,-0.018784,-0.028815005)
Gyroscope: (-0.049994998,0.029141,-0.04266)
Gyroscope: (-0.15116999,0.017426,-0.043725003)
Gyroscope: (-0.23211,-0.052864,-0.074609995)
Gyroscope: (-0.28322998,-0.114634,-0.103365004)
Gyroscope: (-0.335415,-0.093334,-0.075674996)
Gyroscope: (-0.32795998,-0.042214,-0.028815005)
Gyroscope: (-0.252345,-0.045409,-0.0053850003)
Gyroscope: (-0.186315,-0.095464,-0.009645)
Gyroscope: (-0.16714501,-0.101854,-0.025620002)
Gyroscope: (-0.262995,-0.106114,-0.04905)
Gyroscope: (-0.456825,-0.244564,-0.09804)
Gyroscope: (-0.535635,-0.297814,-0.135315)
Gyroscope: (-0.646395,-0.26799402,-0.15129)
Gyroscope: (-0.69538504,-0.176404,-0.167265)
Gyroscope: (-0.75183004,-0.108244,-0.22370999)
Gyroscope: (-0.91158,-0.263734,-0.26098502)
Gyroscope: (-1.05642,-0.214744,-0.254595)
Gyroscope: (-1.063875,0.047246,-0.033075)
Gyroscope: (-1.2055199,0.22403601,0.092594996)
Gyroscope: (-1.4621849,0.47963598,0.35138997)
Gyroscope: (-1.89138,0.816176,0.69432)
Gyroscope: (-2.6528552,0.920546,1.03512)
Gyroscope: (-2.5878901,0.62660605,0.957375)
Gyroscope: (-2.31099,0.550991,0.774195)
Gyroscope: (-1.80405,0.612761,0.87324)
Gyroscope: (-1.2875249,0.689441,0.98932505)
Gyroscope: (-1.0617449,0.769316,1.05642)
Gyroscope: (-1.193805,0.841736,0.999975)
Gyroscope: (-1.304565,1.049411,1.05003)
Gyroscope: (-1.2630299,1.286906,1.059615)
Gyroscope: (-0.98187,1.488191,1.014885)
Gyroscope: (-0.718815,1.609601,1.021275)
Gyroscope: (-0.714555,1.623446,0.995715)
Gyroscope: (-0.81573004,1.683086,0.950985)
Gyroscope: (-1.0266,1.841771,0.974415)
Gyroscope: (-0.87217504,1.921646,0.93501)
Gyroscope: (-0.87537,1.680956,0.865785)
Gyroscope: (-1.8168299,1.376366,0.755025)
Gyroscope: (-3.2481902,1.1867961,0.853005)
Gyroscope: (-3.7924051,1.0089409,1.027665)
Gyroscope: (-2.42175,0.849191,1.251315)
Gyroscope: (-0.288555,0.705416,1.46751)
Gyroscope: (0.80839497,0.65003604,1.38018)
Gyroscope: (0.356835,0.556316,0.77526003)
Gyroscope: (-0.27364498,0.544601,0.542025)
Gyroscope: (-0.92649,0.20806101,0.669825)
Gyroscope: (-1.521825,-0.21154901,0.35351998)
Gyroscope: (-1.13097,0.027011,0.697515)
Gyroscope: (-0.90732,0.287936,1.017015)
Gyroscope: (-1.046835,0.22403601,0.80721)
Gyroscope: (-0.418485,0.159071,0.83916)
Gyroscope: (-0.3876,0.416801,0.833835)
Gyroscope: (-0.61870503,0.56164104,0.90945)
Gyroscope: (-0.50475,0.24853101,0.88389003)
Gyroscope: (-0.37695,0.258116,1.017015)
Gyroscope: (-0.360975,0.483896,1.066005)
Gyroscope: (-0.329025,0.50093603,1.02873)
Gyroscope: (-0.190575,0.617021,0.942465)
Gyroscope: (0.01923,0.74695104,0.99252003)
Gyroscope: (-0.107505,0.571226,1.0553551)
Gyroscope: (-0.46853998,0.454076,0.984)
Gyroscope: (-0.45043498,0.62660605,0.93714)
Gyroscope: (0.05118,0.761861,0.89241004)
Gyroscope: (0.33127502,0.77038103,0.838095)
Gyroscope: (0.109755,0.620216,0.718815)
Gyroscope: (-0.154365,0.47750598,0.710295)
Gyroscope: (-0.29601,0.73417103,0.58143)
Gyroscope: (-0.3663,1.118636,0.33009)
Gyroscope: (0.320625,0.506261,0.65385)
Gyroscope: (-0.34074,0.372071,0.46001998)
Gyroscope: (-0.25340998,0.372071,0.386535)
Gyroscope: (0.1236,-0.184924,0.524985)
Gyroscope: (-0.603795,-0.434134,0.316245)
Gyroscope: (-0.07875,0.014231,0.322635)
Gyroscope: (0.90744,0.16226599,0.514335)
Gyroscope: (0.135315,-0.118894,0.39611998)
Gyroscope: (-0.74437505,0.203801,0.15756)
Gyroscope: (-0.038280003,0.449816,0.326895)
Gyroscope: (0.599655,0.392306,0.420615)
Gyroscope: (0.26418,0.35077098,0.28323)
Gyroscope: (0.30145502,0.271961,0.30559498)
Gyroscope: (0.31104,0.086651,0.356715)
Gyroscope: (0.17046002,-0.023044001,0.33967498)
Gyroscope: (-0.23743498,-0.246694,0.292815)
Gyroscope: (-0.23743498,-0.174274,0.4089)
Gyroscope: (0.093779996,0.037661,0.48238498)
Gyroscope: (0.23116499,0.16652599,0.38014498)
Gyroscope: (-0.043605,0.121796,0.292815)
Gyroscope: (-0.13413,0.163331,0.35990998)
Gyroscope: (0.30465,0.20486599,0.48558)
Gyroscope: (0.25566,0.136706,0.390795)
Gyroscope: (-0.028695002,0.126056,0.27151498)
Gyroscope: (0.43990502,0.13564101,0.36416999)
Gyroscope: (0.32169002,0.084521,0.37056)
Gyroscope: (-0.049994998,-0.004939,0.218265)
Gyroscope: (0.2727,-0.049669,0.192705)
Gyroscope: (0.49422002,-0.009198999,0.34606498)
Gyroscope: (0.013905002,-0.060319,0.38121)
Gyroscope: (-0.011654999,0.028076,0.25128)
Gyroscope: (0.160875,0.020621,0.239565)
Gyroscope: (-0.218265,0.038726002,0.262995)
Gyroscope: (-0.04254,0.089846,0.284295)
Gyroscope: (0.26205,0.047246,0.3024)
Gyroscope: (0.035205,0.069611,0.30453)
Gyroscope: (0.047985002,0.084521,0.29388)
Gyroscope: (0.135315,0.039791003,0.262995)
Gyroscope: (-0.14904001,0.011036,0.109634995)
Gyroscope: (-0.10431,-0.024108998,0.015914999)
Gyroscope: (0.065025,0.012101,0.091529995)
Gyroscope: (0.04266,0.049376,0.17247)
Gyroscope: (-0.049994998,0.003581,0.17886001)
Gyroscope: (-0.13626,0.029141,0.105375)
Gyroscope: (-0.103245,0.050441,0.02763)
Gyroscope: (-0.01698,0.057896,0.057449996)
Gyroscope: (-0.032955,0.061091002,0.12347999)
Gyroscope: (-0.03615,0.086651,0.08939999)
Gyroscope: (0.043725003,0.049376,0.024434999)
Gyroscope: (0.037335,0.045116,-0.060765002)
Gyroscope: (0.0384,0.007841,-0.027750004)
Gyroscope: (-0.13626,-0.029434,0.01272)
Gyroscope: (-0.037215002,-0.054994002,-0.0011250004)
Gyroscope: (0.024555001,-0.010264,-0.070350006)
Gyroscope: (0.090585,0.095171,-0.073544994)
Gyroscope: (0.067155,0.017426,0.0020699985)
Gyroscope: (-0.27684,-0.030499,0.02337)
Gyroscope: (-0.15755999,-0.073099,0.08727)
Gyroscope: (0.08313,-0.054994002,0.098985)
Gyroscope: (-0.032955,0.008906,-0.044790003)
Gyroscope: (0.133185,0.027011,-0.09058499)
Gyroscope: (0.0597,0.057896,-0.014970001)
Gyroscope: (-0.13626,0.0014510006,0.047865)
Gyroscope: (-0.103245,-0.035824,0.019109998)
Gyroscope: (0.04905,-0.0017439993,-0.052245002)
Gyroscope: (0.093779996,0.009971,-0.045855004)
Gyroscope: (-0.009524997,0.052571,-0.004320003)
Gyroscope: (-0.075555,-0.004939,-0.008580003)
Gyroscope: (-0.049994998,-0.020914,-0.058635)
Gyroscope: (0.028815001,0.014231,-0.046919998)
Gyroscope: (0.05118,-0.039019,0.073424995)
Gyroscope: (-0.192705,-0.028368998,0.019109998)
Gyroscope: (0.039465003,-0.032629,-0.05118)
Gyroscope: (0.071415,0.016361,-0.019230004)
Gyroscope: (-0.07236,0.046181,0.074489996)
Gyroscope: (-0.0010049976,0.014231,0.08514)
Gyroscope: (-0.0010049976,0.0014510006,-0.034140002)
Gyroscope: (0.03201,-0.0038740002,-0.043725003)
Gyroscope: (-0.04467,0.017426,0.047865)
Gyroscope: (-0.02124,0.018491,0.07023)
Gyroscope: (0.084195,-0.015589001,-0.028815005)
Gyroscope: (0.020295002,3.860006E-4,-0.061830003)
Gyroscope: (-0.109635,0.009971,-0.009645)
Gyroscope: (-0.056384996,-0.016654,0.009524997)
Gyroscope: (0.016035002,-0.0028090002,-0.036270004)
Gyroscope: (0.05118,-0.016654,0.0020699985)
Gyroscope: (-0.08088,-0.020914,0.043605)
Gyroscope: (-0.08088,-0.047539,-0.0053850003)
Gyroscope: (0.052245002,-0.060319,-0.060765002)
Gyroscope: (-0.045735,-0.051799,-0.037335005)
Gyroscope: (-0.15755999,-0.059253998,0.014849998)
Gyroscope: (-0.074489996,-0.13273901,0.0063299984)
Gyroscope: (-0.12561,-0.210484,-0.055440005)
Gyroscope: (-0.21187499,-0.262669,-0.08738999)
Gyroscope: (-0.09791999,-0.27012402,-0.008580003)
Gyroscope: (-0.071295,-0.23604399,0.031889997)
Gyroscope: (-0.009524997,-0.098659,0.032955)
Gyroscope: (0.15981,0.044051,0.052125)
Gyroscope: (0.094845,0.106886,0.019109998)
Gyroscope: (-0.10218,0.088781,-0.07887)
Gyroscope: (0.022425,0.072806,-0.030945)
Gyroscope: (0.10443,0.046181,0.090464994)
Gyroscope: (0.014970001,0.060026,0.067035)
Gyroscope: (0.11082,0.016361,0.013784997)
Gyroscope: (-0.029759996,0.021685999,-0.03201)
Gyroscope: (-0.069165,-0.019849,-0.008580003)
Gyroscope: (-0.17034,-0.095464,-0.061830003)
Gyroscope: (-0.05319,-0.076294,-0.053310003)
Gyroscope: (0.10869,-0.050734,0.045734998)
Gyroscope: (-0.079815,-0.011328999,0.058514997)
Gyroscope: (-0.086205,0.024881002,0.028694998)
Gyroscope: (0.103365004,0.054701,0.009524997)
Gyroscope: (0.043725003,0.072806,-0.030945)
Gyroscope: (-0.013785001,0.076001,0.009524997)
Gyroscope: (0.043725003,0.074936,0.06384)
Gyroscope: (0.033075,0.015296,0.0010049976)
Gyroscope: (-0.07236,-0.026239,-0.096975)
Gyroscope: (-0.088335,-0.049669,-0.07674)
Gyroscope: (-0.032955,-0.060319,0.035085)
Gyroscope: (-0.086205,-0.064579,0.02337)
Gyroscope: (-0.08514,-0.052864,-0.046919998)
Gyroscope: (-0.043605,-0.020914,-0.067155)
Gyroscope: (-0.026565,0.015296,-0.02349)
Gyroscope: (0.0011250004,0.046181,0.009524997)
Gyroscope: (0.05118,-0.029434,-0.0032550022)
Gyroscope: (-0.094725005,-6.7899935E-4,-0.052245002)
Gyroscope: (0.0043199994,0.041921,-0.0032550022)
Gyroscope: (0.090585,0.051506,0.02337)
Gyroscope: (0.0171,0.038726002,-0.033075)
Gyroscope: (-0.035085,0.007841,-0.021359999)
Gyroscope: (-0.055320002,-0.020914,0.028694998)
Gyroscope: (-0.028695002,-0.044344,0.00846)
Gyroscope: (0.01923,-0.032629,-0.036270004)
Gyroscope: (0.043725003,0.0046460005,0.0010049976)
Gyroscope: (-0.046800002,0.011036,0.00846)
Gyroscope: (-0.054255,-0.017719,-0.012840003)
Gyroscope: (0.0011250004,0.011036,-0.011775002)
Gyroscope: (0.007515,0.0067760004,0.00846)
Gyroscope: (-0.01698,0.009971,-0.011775002)
Gyroscope: (0.0053850003,0.0014510006,-0.010710001)
Gyroscope: (-0.088335,-0.010264,-0.006450001)
Gyroscope: (-0.040409997,-0.035824,-0.0053850003)
Gyroscope: (-0.03402,-0.077359,-0.065025)
Gyroscope: (-0.05958,-0.073099,-0.099105)
Gyroscope: (-0.032955,-0.057123996,-0.039465)
Gyroscope: (-0.0894,-0.034759,-0.017100003)
Gyroscope: (-0.023369998,0.020621,-0.008580003)
Gyroscope: (0.14383501,0.052571,0.039345)
Gyroscope: (-0.027630001,0.024881002,-0.024555001)
Gyroscope: (-0.079815,-0.009198999,-0.073544994)
Gyroscope: (0.101235,-0.007068999,0.054254998)
Gyroscope: (0.052245002,0.031271,0.12774)
Gyroscope: (-0.024434999,0.040856,0.032955)
Gyroscope: (0.026685001,0.053636,-0.069285005)
Gyroscope: (0.03201,0.052571,-0.043725003)
Gyroscope: (0.008580001,0.022751,0.032955)
Gyroscope: (-0.027630001,-0.037954,0.03828)
Gyroscope: (-0.057449996,-0.026239,-0.028815005)
Gyroscope: (0.052245002,0.007841,-0.029879998)
Gyroscope: (0.0011250004,-0.014524,-0.011775002)
Gyroscope: (-0.14478001,-0.026239,-0.04266)
Gyroscope: (0.04266,-0.052864,-0.013905)
Gyroscope: (-0.010589998,-0.035824,-0.026685003)
Gyroscope: (-0.05106,3.860006E-4,-0.014970001)
Gyroscope: (0.034140002,0.011036,-0.021359999)
Gyroscope: (-0.00846,-0.004939,-0.070350006)
Gyroscope: (-0.06171,-0.017719,-0.060765002)
Gyroscope: (-0.03615,-0.036888998,0.022304999)
Gyroscope: (-0.052125,-0.046474,0.04467)
Gyroscope: (-0.018045,-0.033694,-0.020294998)
Gyroscope: (0.026685001,-0.027304001,-0.05757)
Gyroscope: (-0.06171,-0.004939,-0.009645)
Gyroscope: (-0.010589998,0.014231,0.07023)
Gyroscope: (0.035205,0.013166,0.015914999)
Gyroscope: (-0.0031349994,0.019556,-0.054375004)
Gyroscope: (0.01923,0.017426,-0.024555001)
Gyroscope: (-0.0255,0.003581,0.011654999)
Gyroscope: (0.011775,-0.006004,0.018044999)
Gyroscope: (-0.03402,-0.024108998,-0.038399998)
Gyroscope: (-0.027630001,0.018491,-0.028815005)
Gyroscope: (0.047985002,0.039791003,0.018044999)
Gyroscope: (-0.0042000003,0.064286,-0.004320003)
Gyroscope: (-0.0031349994,0.051506,-0.012840003)
Gyroscope: (0.05118,0.076001,0.021239998)
Gyroscope: (-0.026565,0.073871,0.00846)
Gyroscope: (0.0053850003,0.081326,-0.010710001)
Gyroscope: (0.087390006,0.062156,-0.0011250004)
Gyroscope: (-0.035085,0.031271,-0.013905)
Gyroscope: (-0.079815,0.008906,-0.012840003)
Gyroscope: (0.0171,-6.7899935E-4,-0.007515002)
Gyroscope: (-0.035085,-0.025174,-0.036270004)
Gyroscope: (-0.077685,-0.008134,-0.008580003)
Gyroscope: (0.012840001,0.012101,0.045734998)
Gyroscope: (-0.020174999,0.0057110004,-0.021359999)
Gyroscope: (0.006450001,0.049376,-0.05118)
Gyroscope: (0.028815001,0.056831,0.0031349994)
Gyroscope: (-0.054255,0.034466,-0.0032550022)
Gyroscope: (-0.030824997,-0.009198999,-0.04905)
Gyroscope: (-0.0042000003,0.0067760004,-0.006450001)
Gyroscope: (-0.052125,0.007841,0.052125)
Gyroscope: (-0.0255,0.003581,0.0255)
Gyroscope: (0.010710001,0.0014510006,-0.012840003)
Gyroscope: (-0.015914999,0.017426,0.014849998)
Gyroscope: (-0.035085,0.015296,0.032955)
Gyroscope: (0.052245002,0.019556,0.0073949993)
Gyroscope: (0.043725003,-0.018784,-0.026685003)
Gyroscope: (-0.057449996,0.0014510006,-0.030945)
Gyroscope: (0.006450001,-0.032629,-0.021359999)
Gyroscope: (0.0043199994,-0.025174,-0.011775002)
Gyroscope: (-0.0010049976,-0.045409,0.0063299984)
Gyroscope: (-0.05319,-0.029434,-0.004320003)
Gyroscope: (-0.054255,-0.009198999,-0.043725003)
Gyroscope: (0.057570003,0.007841,-0.013905)
Gyroscope: (0.03627,-0.050734,0.03402)
Gyroscope: (-0.19909501,-0.057123996,-0.016035002)
Gyroscope: (-0.04467,-0.044344,-0.0053850003)
Gyroscope: (0.112950005,-0.012394,0.018044999)
Gyroscope: (0.007515,-0.0017439993,-0.026685003)
Gyroscope: (-0.037215002,-0.029434,-0.016035002)
Gyroscope: (-0.105375,-0.019849,0.028694998)
Gyroscope: (0.020295002,-0.018784,0.081945)
Gyroscope: (0.04266,-0.030499,-0.012840003)
Gyroscope: (-0.045735,-0.014524,-0.12253499)
Gyroscope: (0.0032550022,-0.039019,-0.055440005)
Gyroscope: (-0.07023,-0.040084,0.014849998)
Gyroscope: (-0.0894,-0.060319,0.05319)
Gyroscope: (-0.086205,-0.072034,0.075555)
Gyroscope: (-0.06384,-0.044344,0.056385)
Gyroscope: (-0.018045,-0.029434,-0.06396)
Gyroscope: (0.103365004,0.060026,-0.128925)
Gyroscope: (0.13638,0.038726002,-0.018165004)
Gyroscope: (-0.09685499,0.009971,0.022304999)
Gyroscope: (-0.15542999,-0.034759,-0.04266)
Gyroscope: (0.090585,-0.009198999,-0.037335005)
Gyroscope: (0.065025,-0.047539,0.022304999)
Gyroscope: (-0.179925,-0.052864,0.019109998)
Gyroscope: (-0.029759996,-0.062449,-0.025620002)
Gyroscope: (0.018165002,-0.039019,-0.091649994)
Gyroscope: (-0.027630001,-0.0017439993,-0.037335005)
Gyroscope: (-0.039344996,-0.026239,0.064905)
Gyroscope: (-0.041474998,-0.014524,0.028694998)
Gyroscope: (0.0021900013,0.007841,-0.041595)
Gyroscope: (0.045855,0.054701,0.0063299984)
Gyroscope: (-0.026565,-0.0017439993,0.0681)
Gyroscope: (-0.0894,-0.0028090002,-0.020294998)
Gyroscope: (0.10443,-0.013458999,-0.018165004)
Gyroscope: (-0.04467,-0.021979,0.057449996)
Gyroscope: (-0.145845,-0.037954,0.1107)
Gyroscope: (-0.013785001,-0.026239,0.0042000003)
Gyroscope: (0.11721,0.014231,-0.074609995)
Gyroscope: (0.018165002,0.008906,-0.016035002)
Gyroscope: (-0.0894,0.0057110004,0.074489996)
Gyroscope: (-0.05319,-0.020914,0.0042000003)
Gyroscope: (0.08845501,0.014231,-0.044790003)
Gyroscope: (0.0021900013,0.007841,0.026564999)
Gyroscope: (-0.177795,0.0067760004,0.074489996)
Gyroscope: (-0.010589998,-0.0038740002,0.037215)
Gyroscope: (0.13425,0.0046460005,-0.0011250004)
Gyroscope: (-0.074489996,-0.004939,-0.008580003)
Gyroscope: (-0.062775,0.011036,0.04467)
Gyroscope: (0.079935,0.002516,0.02337)
Gyroscope: (0.0043199994,-0.013458999,-0.039465)
Gyroscope: (-0.095790006,-0.021979,-0.024555001)
Gyroscope: (-0.069165,-0.030499,0.031889997)
Gyroscope: (-0.05106,-0.019849,0.035085)
Gyroscope: (-0.0052649975,0.009971,0.024434999)
Gyroscope: (0.06183,0.032336,0.014849998)
Gyroscope: (-0.010589998,0.068546,-0.055440005)
Gyroscope: (0.05331,0.058961,-0.036270004)
Gyroscope: (0.043725003,0.013166,0.028694998)
Gyroscope: (-0.074489996,-0.014524,0.009524997)
Gyroscope: (0.012840001,-0.010264,-0.016035002)
Gyroscope: (0.04905,-0.0038740002,-0.02349)
Gyroscope: (-0.073425,-0.008134,-0.021359999)
Gyroscope: (-0.08727,-0.020914,0.009524997)
Gyroscope: (-0.030824997,-0.021979,0.0255)
Gyroscope: (-0.009524997,-0.013458999,0.009524997)
Gyroscope: (0.01923,-0.004939,-0.006450001)
Gyroscope: (0.024555001,0.020621,-0.016035002)
Gyroscope: (0.013905002,0.027011,-0.017100003)
Gyroscope: (0.0053850003,0.0067760004,0.024434999)
Gyroscope: (-0.058514997,-0.019849,0.0052649975)
Gyroscope: (-0.014849998,-6.7899935E-4,-0.016035002)
Gyroscope: (0.05331,0.017426,-0.0032550022)
Gyroscope: (0.0043199994,0.007841,0.0031349994)
Gyroscope: (-0.06384,-0.008134,-0.02349)
Gyroscope: (-0.023369998,0.002516,-0.025620002)
Gyroscope: (0.073545,-0.008134,-0.010710001)
Gyroscope: (-0.041474998,-0.053929,-0.04905)
Gyroscope: (-0.150105,-0.063514,-0.047985)
Gyroscope: (-0.02124,-0.032629,-0.008580003)
Gyroscope: (0.09165,-0.010264,-0.013905)
Gyroscope: (0.014970001,-0.013458999,-0.022425)
Gyroscope: (-0.081945,-0.008134,-0.0032550022)
Gyroscope: (-0.057449996,-0.009198999,0.00846)
Gyroscope: (0.020295002,0.008906,-0.017100003)
Gyroscope: (0.045855,0.015296,-5.9999526E-5)
Gyroscope: (-0.027630001,-0.007068999,0.045734998)
Gyroscope: (-0.071295,-0.030499,0.020174999)
Gyroscope: (0.01923,-0.013458999,-0.045855004)
Gyroscope: (0.092715,-0.012394,-0.006450001)
Gyroscope: (-0.037215002,-0.017719,0.03402)
Gyroscope: (-0.04254,0.0014510006,0.024434999)
Gyroscope: (0.0384,3.860006E-4,-0.021359999)
Gyroscope: (0.012840001,-0.004939,-0.04053)
Gyroscope: (-0.041474998,-0.024108998,-0.024555001)
Gyroscope: (-0.045735,-0.025174,0.0063299984)
Gyroscope: (-0.0020699985,-0.012394,0.015914999)
Gyroscope: (-0.037215002,-0.021979,-0.020294998)
Gyroscope: (-0.045735,-0.020914,-0.016035002)
Gyroscope: (0.010710001,0.008906,0.010589998)
Gyroscope: (0.054375,0.040856,0.0063299984)
Gyroscope: (0.045855,0.025946,-0.025620002)
Gyroscope: (-0.05319,0.0046460005,-0.054375004)
Gyroscope: (-0.073425,-0.021979,-0.022425)
Gyroscope: (0.006450001,-0.019849,0.030824998)
Gyroscope: (0.020295002,-0.047539,0.015914999)
Gyroscope: (-0.045735,-0.047539,-0.038399998)
Gyroscope: (-0.09153,-0.050734,-0.060765002)
Gyroscope: (-0.03615,-0.014524,-0.016035002)
Gyroscope: (0.073545,0.0057110004,0.040409997)
Gyroscope: (0.0043199994,0.022751,0.016979998)
Gyroscope: (-0.07236,0.019556,-0.061830003)
Gyroscope: (0.0021900013,0.017426,-0.056505)
Gyroscope: (0.011775,0.024881002,0.043605)
Gyroscope: (-0.0255,0.008906,-0.029879998)
Gyroscope: (-0.029759996,0.014231,-0.069285005)
Gyroscope: (-0.0042000003,0.011036,0.010589998)
Gyroscope: (-0.0063299984,-0.011328999,0.026564999)
Gyroscope: (-0.009524997,-0.053929,-0.04266)
Gyroscope: (-0.071295,-0.065644,-0.055440005)
Gyroscope: (-0.041474998,-0.020914,0.035085)
Gyroscope: (0.013905002,0.0046460005,0.058514997)
Gyroscope: (-0.0063299984,0.011036,0.0063299984)
Gyroscope: (0.0171,0.012101,-0.006450001)
Gyroscope: (5.9999526E-5,0.008906,0.031889997)
Gyroscope: (-0.01698,0.021685999,0.05106)
Gyroscope: (0.058635,0.030206,0.019109998)
Gyroscope: (0.030945001,0.014231,-0.046919998)
Gyroscope: (-0.038280003,-0.018784,-0.053310003)
Gyroscope: (-0.07236,-0.044344,0.0052649975)
Gyroscope: (-0.040409997,-0.024108998,0.030824998)
Gyroscope: (0.03627,-0.006004,-0.020294998)
Gyroscope: (0.025620002,0.0046460005,-0.052245002)
Gyroscope: (-0.054255,-0.011328999,-0.024555001)
Gyroscope: (-0.093660004,-0.040084,-0.025620002)
Gyroscope: (0.0053850003,-0.061384,-0.056505)
Gyroscope: (0.02775,-0.069904,-0.041595)
Gyroscope: (-0.12561,-0.074164,0.0020699985)
Gyroscope: (-0.08088,-0.052864,0.04254)
Gyroscope: (0.039465003,-0.033694,0.00846)
Gyroscope: (0.012840001,-0.0028090002,-0.021359999)
Gyroscope: (0.01923,0.023816,0.030824998)
Gyroscope: (-0.01698,0.039791003,0.02337)
Gyroscope: (-0.010589998,0.003581,-0.019230004)
Gyroscope: (0.006450001,-0.046474,-0.008580003)
Gyroscope: (-0.07236,-0.057123996,0.021239998)
Gyroscope: (-0.02124,-0.007068999,0.022304999)
Gyroscope: (0.116145,0.030206,-0.009645)
Gyroscope: (-0.0031349994,0.012101,-0.077805)
Gyroscope: (-0.12135,-0.043279,-0.011775002)
Gyroscope: (-0.120285,-0.046474,0.07875)
Gyroscope: (0.057570003,-0.007068999,0.058514997)
Gyroscope: (0.14383501,0.045116,-0.012840003)
Gyroscope: (0.02136,0.066415995,-0.017100003)
Gyroscope: (-0.13093501,3.860006E-4,-0.014970001)
Gyroscope: (-0.090465,-0.122089006,-0.028815005)
Gyroscope: (-0.101114996,-0.162559,-0.020294998)
Gyroscope: (-0.043605,-0.089074,0.05319)
Gyroscope: (0.054375,-0.016654,0.05958)
Gyroscope: (0.0021900013,0.063221,0.0020699985)
Gyroscope: (-0.0063299984,0.062156,0.013784997)
Gyroscope: (-0.031889997,0.042986,0.05532)
Gyroscope: (-0.009524997,0.0057110004,0.0681)
Gyroscope: (0.05118,0.031271,0.03402)
Gyroscope: (0.135315,0.058961,0.015914999)
Gyroscope: (0.057570003,0.069611,0.01272)
Gyroscope: (-0.100049995,0.030206,0.016979998)
Gyroscope: (-0.047864996,0.022751,0.0052649975)
Gyroscope: (0.111885004,0.025946,-0.029879998)
Gyroscope: (0.043725003,-0.007068999,-0.034140002)
Gyroscope: (-0.111765005,-0.009198999,-0.019230004)
Gyroscope: (-0.06171,-0.006004,-0.012840003)
Gyroscope: (0.043725003,0.008906,0.00846)
Gyroscope: (0.035205,-0.010264,0.024434999)
Gyroscope: (-0.058514997,-6.7899935E-4,-0.014970001)
Gyroscope: (-0.014849998,0.017426,-0.028815005)
Gyroscope: (0.054375,0.044051,0.0042000003)
Gyroscope: (0.0043199994,0.016361,0.02976)
Gyroscope: (-0.08514,3.860006E-4,0.0255)
Gyroscope: (-0.0031349994,-0.024108998,0.009524997)
Gyroscope: (-0.0073949993,-6.7899935E-4,-0.047985)
Gyroscope: (0.04905,0.012101,-0.022425)
Gyroscope: (0.037335,0.003581,0.030824998)
Gyroscope: (-0.12774,-0.016654,-0.0021900013)
Gyroscope: (0.013905002,-0.0038740002,0.009524997)
Gyroscope: (0.07248,-0.0028090002,-0.0053850003)
Gyroscope: (-0.040409997,0.024881002,-0.034140002)
Gyroscope: (0.02349,0.027011,-0.017100003)
Gyroscope: (0.030945001,0.035531,-0.008580003)
Gyroscope: (-0.01698,-0.006004,-0.0053850003)
Gyroscope: (-0.047864996,-0.030499,-0.0032550022)
Gyroscope: (-0.01272,-0.063514,0.015914999)
Gyroscope: (0.011775,-0.072034,0.02763)
Gyroscope: (-0.038280003,-0.059253998,0.0042000003)
Gyroscope: (-0.019109998,-0.017719,-0.007515002)
Gyroscope: (0.073545,0.051506,-0.004320003)
Gyroscope: (0.075674996,0.062156,-0.018165004)
Gyroscope: (0.014970001,0.015296,0.0063299984)
Gyroscope: (-0.11495999,-0.046474,0.028694998)
Gyroscope: (-0.04467,-0.037954,0.03828)
Gyroscope: (0.090585,0.0057110004,-0.03201)
Gyroscope: (0.087390006,0.003581,-0.037335005)
Gyroscope: (-0.12135,0.007841,0.015914999)
Gyroscope: (0.0053850003,0.020621,0.069165)
Gyroscope: (0.121470004,0.014231,-0.013905)
Gyroscope: (0.04053,0.016361,-0.074609995)
Gyroscope: (-0.054255,-0.0028090002,-0.020294998)
Gyroscope: (-0.032955,-0.0017439993,0.04254)
Gyroscope: (0.05118,0.009971,0.014849998)
Gyroscope: (0.077805,0.017426,-0.017100003)
Gyroscope: (-0.110700004,-0.0038740002,-0.026685003)
Gyroscope: (-0.079815,0.002516,0.067035)
Gyroscope: (0.04053,-0.019849,0.07662)
Gyroscope: (0.067155,0.017426,-0.041595)
Gyroscope: (0.08313,0.040856,-0.070350006)
Gyroscope: (-0.06384,0.016361,-5.9999526E-5)
Gyroscope: (-0.13093501,-0.016654,0.037215)
Gyroscope: (0.060765,-0.028368998,0.026564999)
Gyroscope: (0.054375,-0.0038740002,-0.021359999)
Gyroscope: (-0.055320002,3.860006E-4,-0.045855004)
Gyroscope: (-0.06171,-0.006004,-0.004320003)
Gyroscope: (-0.014849998,-0.019849,0.035085)
Gyroscope: (0.039465003,0.029141,0.0073949993)
Gyroscope: (0.094845,0.058961,-0.008580003)
Gyroscope: (-0.011654999,0.021685999,-0.0011250004)
Gyroscope: (-0.088335,0.0067760004,0.0255)
Gyroscope: (0.020295002,0.031271,0.049994998)
Gyroscope: (0.114015,0.078131,0.026564999)
Gyroscope: (0.068220004,0.061091002,-0.010710001)
Gyroscope: (-0.067035,0.034466,0.0031349994)
Gyroscope: (-0.0042000003,0.036596,0.04254)
Gyroscope: (0.10017,0.039791003,-0.006450001)
Gyroscope: (0.010710001,0.013166,-0.062895)
Gyroscope: (-0.074489996,0.012101,-0.014970001)
Gyroscope: (-0.043605,-0.0017439993,0.026564999)
Gyroscope: (-0.0042000003,-0.0017439993,-0.009645)
Gyroscope: (0.041595,0.0067760004,-0.011775002)
Gyroscope: (-0.020174999,0.022751,0.013784997)
Gyroscope: (-0.055320002,0.0057110004,0.016979998)
Gyroscope: (-0.04254,-0.026239,-0.024555001)
Gyroscope: (-0.0010049976,-0.012394,-0.046919998)
Gyroscope: (0.035205,0.028076,0.0073949993)
Gyroscope: (0.01923,0.016361,0.041474998)
Gyroscope: (-0.092595,0.020621,-0.0011250004)
Gyroscope: (-0.01698,0.056831,0.0073949993)
Gyroscope: (0.0171,0.060026,-0.018165004)
Gyroscope: (-0.026565,-0.020914,-0.033075)
Gyroscope: (-0.11389501,-0.048604,-0.007515002)
Gyroscope: (-0.032955,-0.037954,0.035085)
Gyroscope: (0.037335,-0.062449,0.014849998)
Gyroscope: (-0.060645,-0.053929,-0.011775002)
Gyroscope: (-0.01698,0.007841,0.079815)
Gyroscope: (0.081,0.095171,0.07875)
Gyroscope: (0.073545,0.086651,-0.043725003)
Gyroscope: (-0.014849998,0.033400998,-0.044790003)
Gyroscope: (-0.035085,0.022751,0.065969996)
Gyroscope: (0.069285005,0.025946,0.057449996)
Gyroscope: (0.086325005,0.016361,-0.034140002)
Gyroscope: (-0.057449996,0.028076,-0.026685003)
Gyroscope: (-0.035085,0.052571,0.05319)
Gyroscope: (0.058635,0.015296,0.00846)
Gyroscope: (-0.010589998,-0.021979,-0.09058499)
Gyroscope: (-0.0681,-0.040084,-0.04053)
Gyroscope: (-0.039344996,-0.028368998,0.049994998)
Gyroscope: (0.0011250004,-0.042214,0.010589998)
Gyroscope: (-0.0042000003,-0.004939,-0.070350006)
Gyroscope: (0.020295002,0.028076,-0.021359999)
Gyroscope: (0.006450001,0.039791003,0.037215)
Gyroscope: (-0.118154995,-0.052864,-0.034140002)
Gyroscope: (-0.152235,-0.112504,-0.053310003)
Gyroscope: (-0.045735,-0.080554,0.09579)
Gyroscope: (0.071415,0.019556,0.152235)
Gyroscope: (0.075674996,0.069611,-0.03201)
Gyroscope: (0.045855,0.094106,-0.152355)
Gyroscope: (-0.039344996,0.052571,0.0052649975)
Gyroscope: (-0.088335,0.027011,0.079815)
Gyroscope: (0.11508,-0.006004,-0.021359999)
Gyroscope: (0.084195,-0.011328999,-0.11295)
Gyroscope: (-0.10857,3.860006E-4,-0.020294998)
Gyroscope: (-0.13413,0.015296,0.056385)
Gyroscope: (0.056505002,-0.011328999,0.0020699985)
Gyroscope: (0.025620002,-0.032629,-0.062895)
Gyroscope: (-0.074489996,-0.011328999,0.0063299984)
Gyroscope: (-0.015914999,0.013166,0.10005)
Gyroscope: (0.034140002,0.0014510006,0.032955)
Gyroscope: (0.013905002,-0.036888998,-0.053310003)
Gyroscope: (-0.067035,-0.028368998,-0.008580003)
Gyroscope: (-0.06384,-0.052864,0.065969996)
Gyroscope: (-0.031889997,-0.037954,0.03402)
Gyroscope: (0.009645,-0.026239,-0.027750004)
Gyroscope: (0.016035002,-0.020914,0.0031349994)
Gyroscope: (-0.07875,-0.021979,0.030824998)
Gyroscope: (-0.01272,-0.015589001,0.06171)
Gyroscope: (0.05331,0.060026,-0.007515002)
Gyroscope: (0.13425,0.042986,-0.04905)
Gyroscope: (-0.084075,-0.019849,-0.02349)
Gyroscope: (-0.13306499,-0.037954,0.054254998)
Gyroscope: (0.07461,-0.026239,0.071295)
Gyroscope: (0.0021900013,-0.033694,-0.020294998)
Gyroscope: (-0.065969996,-0.034759,-0.033075)
Gyroscope: (-0.019109998,0.002516,-0.007515002)
Gyroscope: (0.009645,0.009971,-0.027750004)
Gyroscope: (0.03201,-0.014524,-0.027750004)
Gyroscope: (-0.014849998,-0.032629,-0.017100003)
Gyroscope: (-0.0031349994,-0.027304001,-0.004320003)
Gyroscope: (-0.0063299984,0.003581,0.0010049976)
Gyroscope: (-0.031889997,0.018491,-0.0053850003)
Gyroscope: (0.081,0.054701,0.010589998)
Gyroscope: (0.06609,0.050441,-0.0053850003)
Gyroscope: (-0.054255,0.036596,-0.034140002)
Gyroscope: (-0.037215002,-0.021979,-0.011775002)
Gyroscope: (-0.01698,-0.029434,0.019109998)
Gyroscope: (-0.032955,0.009971,-0.021359999)
Gyroscope: (0.067155,0.101561,-0.05118)
Gyroscope: (0.08313,0.060026,-0.035205003)
Gyroscope: (-0.17353499,-0.041149,-0.06396)
Gyroscope: (-0.16395,-0.117829,-0.024555001)
Gyroscope: (0.070350006,-0.042214,0.060645)
Gyroscope: (0.152355,0.029141,0.009524997)
Gyroscope: (0.06396,0.058961,-0.114015)
Gyroscope: (-0.065969996,0.041921,-0.05757)
Gyroscope: (-0.17353499,0.044051,0.064905)
Gyroscope: (0.1023,3.860006E-4,0.109634995)
Gyroscope: (0.084195,-0.019849,-0.060765002)
Gyroscope: (0.043725003,0.012101,-0.06609)
Gyroscope: (-0.07875,0.047246,0.052125)
Gyroscope: (0.0021900013,0.015296,0.09579)
Gyroscope: (0.05118,0.024881002,-0.02349)
Gyroscope: (0.099105,0.057896,-0.068220004)
Gyroscope: (0.006450001,0.049376,-0.022425)
Gyroscope: (-0.013785001,0.035531,0.05319)
Gyroscope: (0.007515,-0.051799,0.060645)
Gyroscope: (-0.12348,-0.084814,-0.065025)
Gyroscope: (-0.0031349994,-0.073099,-0.060765002)
Gyroscope: (0.02349,-0.019849,0.02337)
Gyroscope: (-0.029759996,0.0067760004,0.018044999)
Gyroscope: (0.020295002,0.016361,-0.055440005)
Gyroscope: (0.008580001,0.014231,-0.044790003)
Gyroscope: (-0.095790006,-0.040084,0.020174999)
Gyroscope: (-0.14052,-0.058188997,0.03402)
Gyroscope: (0.07248,-0.021979,0.040409997)
Gyroscope: (0.131055,0.079196,-0.007515002)
Gyroscope: (0.02775,0.078131,0.0063299984)
Gyroscope: (-0.110700004,0.035531,0.08088)
Gyroscope: (-0.018045,-0.018784,0.13626)
Gyroscope: (0.033075,-0.032629,0.037215)
Gyroscope: (0.075674996,-0.032629,-0.037335005)
Gyroscope: (-0.013785001,0.003581,-0.006450001)
Gyroscope: (-0.043605,0.003581,0.058514997)
Gyroscope: (-0.035085,-0.009198999,0.02763)
Gyroscope: (-0.0052649975,0.002516,-0.033075)
Gyroscope: (0.069285005,-0.0038740002,-0.026685003)
Gyroscope: (-0.022305,0.007841,-0.018165004)
Gyroscope: (-0.065969996,-0.030499,-5.9999526E-5)
Gyroscope: (-0.084075,-0.049669,-5.9999526E-5)
Gyroscope: (0.006450001,-0.018784,0.028694998)
Gyroscope: (0.02349,3.860006E-4,0.057449996)
Gyroscope: (-0.043605,0.0014510006,0.062775)
Gyroscope: (-0.073425,-0.027304001,0.011654999)
Gyroscope: (-0.018045,-0.0028090002,0.013784997)
Gyroscope: (0.07461,0.022751,0.08727)
Gyroscope: (0.010710001,0.021685999,0.077685)
Gyroscope: (-0.039344996,-0.024108998,-0.0053850003)
Gyroscope: (-0.0073949993,-0.039019,0.0010049976)
Gyroscope: (-0.047864996,-0.031564,0.041474998)
Gyroscope: (-0.0031349994,-0.015589001,0.020174999)
Gyroscope: (0.022425,-6.7899935E-4,-0.035205003)
Gyroscope: (-0.020174999,0.018491,-0.037335005)
Gyroscope: (-0.011654999,-0.018784,0.0020699985)
Gyroscope: (-0.11495999,-0.058188997,-0.029879998)
Gyroscope: (-0.058514997,-0.082684,-0.039465)
Gyroscope: (0.06396,-0.048604,-0.047985)
Gyroscope: (0.02136,-0.033694,-0.09591)
Gyroscope: (-0.081945,-0.026239,-0.10762499)
Gyroscope: (-0.04254,-0.010264,-0.08313)
Gyroscope: (0.006450001,-0.009198999,-0.11934)
Gyroscope: (0.03201,0.009971,-0.173655)
Gyroscope: (0.09804,0.008906,-0.17791499)
Gyroscope: (0.028815001,0.039791003,-0.18111)
Gyroscope: (0.069285005,0.036596,-0.17791499)
Gyroscope: (0.084195,-0.040084,-0.216255)
Gyroscope: (-0.11389501,-0.084814,-0.30039)
Gyroscope: (-0.120285,-0.13699901,-0.314235)
Gyroscope: (0.05118,-0.16575399,-0.25353003)
Gyroscope: (0.06183,-0.14125901,-0.30465)
Gyroscope: (0.082065,-0.15297401,-0.38559002)
Gyroscope: (-0.01698,-0.130609,-0.54534)
Gyroscope: (0.203475,-0.135934,-0.51871496)
Gyroscope: (0.14383501,-0.162559,-0.527235)
Gyroscope: (0.14383501,-0.109309,-0.525105)
Gyroscope: (0.33127502,-0.210484,-0.435645)
Gyroscope: (0.133185,-0.312724,-0.429255)
Gyroscope: (0.018165002,-0.325504,-0.525105)
Gyroscope: (0.280155,-0.35638902,-0.59539497)
Gyroscope: (0.18963,-0.442654,-0.67314)
Gyroscope: (-0.15116999,-0.49803403,-0.748755)
Gyroscope: (0.034140002,-0.54276395,-0.71999997)
Gyroscope: (0.43458,-0.572584,-0.640125)
Gyroscope: (0.44097,-0.68014896,-0.66781497)
Gyroscope: (0.41008502,-0.84948397,-0.746625)
Gyroscope: (0.495285,-0.87291396,-0.859515)
Gyroscope: (0.53256,-0.86971897,-0.985185)
Gyroscope: (0.66355497,-0.95278895,-0.99476993)
Gyroscope: (0.580485,-0.9996489,-1.0512149)
Gyroscope: (0.55385995,-1.017754,-1.0916849)
Gyroscope: (0.70935,-1.039054,-0.90424496)
Gyroscope: (0.71573997,-1.077394,-0.72745496)
Gyroscope: (0.72319496,-1.126384,-0.67526996)
Gyroscope: (0.746625,-0.962374,-0.68166)
Gyroscope: (0.503805,-0.69186395,-0.80413496)
Gyroscope: (0.55811995,-0.63115895,-0.82756495)
Gyroscope: (0.93193495,-0.683344,-0.861645)
Gyroscope: (0.75940496,-0.57151896,-0.897855)
Gyroscope: (0.386655,-0.437329,-0.69550496)
Gyroscope: (0.45801002,-0.592819,-0.76899)
Gyroscope: (0.96388495,-0.60772896,-0.674205)
Gyroscope: (0.83715,-0.70783895,-0.64971)
Gyroscope: (0.64971,-0.866524,-0.63053995)
Gyroscope: (0.67846495,-0.938944,-0.59858996)
Gyroscope: (0.716805,-0.90060395,-0.65077496)
Gyroscope: (0.561315,-0.846289,-0.710415)
Gyroscope: (0.46866,-0.77706397,-0.77751)
Gyroscope: (0.352575,-0.676954,-0.923415)
Gyroscope: (0.67526996,-1.077394,-1.089555)
Gyroscope: (0.84353995,-1.5939189,-1.572)
Gyroscope: (1.304685,-1.4575989,-2.2599902)
Gyroscope: (1.1002051,-1.429909,-2.3984401)
Gyroscope: (0.45375,-1.4022189,-2.5166552)
Gyroscope: (0.27057,-1.053964,-2.4804451)
Gyroscope: (0.47718,-0.747244,-2.312175)
Gyroscope: (0.94578,-0.63541895,-2.1098251)
Gyroscope: (1.5986251,-0.727009,-1.792455)
Gyroscope: (1.75731,-0.91657895,-1.53153)
Gyroscope: (1.34409,-1.022014,-1.04376)
Gyroscope: (1.232265,-1.174309,-0.48889503)
Gyroscope: (0.946845,-0.88569397,-0.66674995)
Gyroscope: (0.72426,-0.471409,-0.93299997)
Gyroscope: (1.0778401,-0.313789,-0.842475)
Gyroscope: (1.67424,-0.294619,-0.14703)
Gyroscope: (2.27277,-0.65671897,0.64746004)
Gyroscope: (2.68173,-1.458664,0.26938498)
Gyroscope: (2.258925,-1.323409,0.048929997)
Gyroscope: (2.2163248,-0.658849,0.147975)
Gyroscope: (2.1258,-0.577909,0.054254998)
Gyroscope: (1.45059,-0.540634,0.08088)
Gyroscope: (0.53894997,-0.46714902,0.103245)
Gyroscope: (0.14276999,-0.298879,0.060645)
Gyroscope: (0.21305999,-0.14125901,-0.035205003)
Gyroscope: (0.30358502,-0.130609,-0.10762499)
Gyroscope: (0.152355,-0.114634,-0.074609995)
Gyroscope: (0.047985002,-0.029434,0.039345)
Gyroscope: (0.214125,0.020621,0.079815)
Gyroscope: (0.41328,-0.068839,0.05106)
Gyroscope: (0.57515997,-0.025174,0.065969996)
Gyroscope: (0.7413,0.113276,0.07023)
Gyroscope: (0.59432995,0.091976,0.022304999)
Gyroscope: (0.2727,0.014231,0.028694998)
Gyroscope: (-0.01272,-0.015589001,0.03615)
Gyroscope: (0.03201,-0.029434,-0.0011250004)
Gyroscope: (0.09804,-0.037954,-0.007515002)
Gyroscope: (0.012840001,-0.046474,0.039345)
Gyroscope: (-0.031889997,-0.067774,0.049994998)
Gyroscope: (-0.028695002,-0.106114,0.0468)
Gyroscope: (-0.020174999,-0.13167399,0.056385)
Gyroscope: (0.081,-0.112504,0.031889997)
Gyroscope: (0.15129,-0.051799,-0.019230004)
Gyroscope: (0.034140002,-0.050734,-0.010710001)
Gyroscope: (-0.150105,-0.047539,0.0063299984)
Gyroscope: (-0.12348,-0.011328999,-0.019230004)
Gyroscope: (0.0053850003,0.018491,-0.060765002)
Gyroscope: (-0.0681,-0.031564,-0.058635)
Gyroscope: (-0.184185,-0.026239,-0.039465)
Gyroscope: (-0.088335,-0.023044001,-0.029879998)
Gyroscope: (0.12573001,0.003581,-0.044790003)
Gyroscope: (0.14809501,0.052571,-0.026685003)
Gyroscope: (0.043725003,0.105821,-0.004320003)
Gyroscope: (0.070350006,0.255986,-5.9999526E-5)
Gyroscope: (0.05331,0.254921,0.02763)
Gyroscope: (0.03201,0.090911,0.03615)
Gyroscope: (0.099105,-0.007068999,0.024434999)
Gyroscope: (0.16620001,-0.130609,0.009524997)
Gyroscope: (0.150225,-0.30207402,0.0020699985)
Gyroscope: (0.14596501,-0.19344401,0.018044999)
Gyroscope: (0.169395,-0.025174,-0.008580003)
Gyroscope: (0.105495,-0.080554,-0.019230004)
Gyroscope: (-0.0020699985,-0.031564,-0.007515002)
Gyroscope: (-0.023369998,0.038726002,0.009524997)
Gyroscope: (0.0053850003,0.050441,-0.004320003)
Gyroscope: (-0.026565,0.015296,0.0010049976)
Gyroscope: (-0.05319,-0.018784,0.015914999)
Gyroscope: (-0.047864996,-0.024108998,-5.9999526E-5)
Gyroscope: (-0.022305,-0.033694,-0.010710001)
Gyroscope: (-0.013785001,-0.031564,-0.016035002)
Gyroscope: (0.024555001,-0.0017439993,-0.016035002)
Gyroscope: (-0.0010049976,0.0057110004,-0.0053850003)
Gyroscope: (-0.031889997,-0.008134,-5.9999526E-5)
Gyroscope: (0.01923,-0.013458999,-0.0032550022)
Gyroscope: (0.06609,-0.004939,-0.0053850003)
Gyroscope: (0.028815001,-0.010264,-0.0032550022)
Gyroscope: (-0.026565,-0.014524,0.0010049976)
Gyroscope: (-0.037215002,-0.021979,0.0052649975)
Gyroscope: (-0.0031349994,-0.035824,0.0073949993)
Gyroscope: (0.03201,-0.031564,0.00846)
Gyroscope: (0.0043199994,-0.051799,0.0063299984)
Gyroscope: (-0.032955,-0.040084,0.0020699985)
Gyroscope: (-0.014849998,0.014231,0.0031349994)
Gyroscope: (0.006450001,0.019556,-0.0053850003)
Gyroscope: (-0.0255,0.013166,-0.009645)
Gyroscope: (-0.048929997,0.007841,-0.010710001)
Gyroscope: (-0.05958,-0.023044001,-0.009645)
Gyroscope: (-0.055320002,-0.057123996,-5.9999526E-5)
Gyroscope: (-0.029759996,-0.032629,0.0010049976)
Gyroscope: (-0.01272,0.002516,0.0020699985)
Gyroscope: (-0.029759996,-6.7899935E-4,-0.0021900013)
Gyroscope: (-0.023369998,-0.0017439993,-0.009645)
Gyroscope: (-0.026565,-0.0038740002,-0.010710001)
Gyroscope: (-0.057449996,-0.020914,-0.0032550022)
Gyroscope: (-0.055320002,-0.029434,-5.9999526E-5)
Gyroscope: (-0.041474998,0.008906,0.0063299984)
Gyroscope: (-0.093660004,0.17824101,0.057449996)
Gyroscope: (-0.19163999,0.33479598,0.031889997)
Gyroscope: (-0.24702,0.317756,-0.014970001)
Gyroscope: (-0.15542999,0.037661,-0.027750004)
Gyroscope: (-0.057449996,-0.0028090002,-0.012840003)
Gyroscope: (-0.056384996,0.047246,0.0042000003)
Gyroscope: (-0.056384996,0.082391,0.0010049976)
Gyroscope: (0.041595,0.021685999,-0.0011250004)
Gyroscope: (0.173655,-0.114634,-0.026685003)
Gyroscope: (0.16194001,-0.176404,-0.034140002)
Gyroscope: (0.09165,-0.323374,-0.077805)
Gyroscope: (-0.079815,-0.370234,0.01272)
Gyroscope: (-0.020174999,0.012101,-0.021359999)
Gyroscope: (0.010710001,0.079196,-0.014970001)
Gyroscope: (-0.055320002,0.030206,0.0042000003)
Gyroscope: (-0.052125,0.025946,0.0052649975)
Gyroscope: (-0.013785001,0.0057110004,-0.0021900013)
Gyroscope: (-0.015914999,0.0014510006,0.0020699985)
Gyroscope: (-0.027630001,-0.014524,0.0010049976)
Gyroscope: (-0.022305,-0.041149,-0.006450001)
Gyroscope: (-0.0031349994,-0.028368998,-0.010710001)
Gyroscope: (-0.01272,-0.011328999,-0.008580003)
Gyroscope: (-0.013785001,-0.006004,-0.0011250004)
Gyroscope: (0.010710001,0.011036,-0.0021900013)
Gyroscope: (0.008580001,0.0014510006,-0.004320003)
Gyroscope: (-0.0052649975,0.0014510006,0.00846)
Gyroscope: (-0.0073949993,-0.008134,0.009524997)
Gyroscope: (0.01923,-0.021979,0.0020699985)
Gyroscope: (0.028815001,-0.004939,-0.0032550022)
Gyroscope: (-0.0031349994,0.007841,0.0020699985)
Gyroscope: (-0.038280003,-0.011328999,-0.0032550022)
Gyroscope: (-0.026565,-0.028368998,-0.0053850003)
Gyroscope: (0.018165002,-0.030499,-0.0053850003)
Gyroscope: (0.03201,-0.009198999,-0.0053850003)
Gyroscope: (-0.0052649975,0.0046460005,-0.0021900013)
Gyroscope: (-0.022305,0.003581,-0.0011250004)
Gyroscope: (-0.0052649975,0.0014510006,-0.0032550022)
Gyroscope: (-0.0073949993,-0.004939,-0.009645)
Gyroscope: (-0.030824997,-0.009198999,-0.009645)
Gyroscope: (-0.028695002,-0.011328999,-0.006450001)
Gyroscope: (-0.0010049976,-0.011328999,-5.9999526E-5)
Gyroscope: (0.016035002,3.860006E-4,0.0052649975)
Gyroscope: (-0.0042000003,0.003581,0.0042000003)
Gyroscope: (-0.00846,3.860006E-4,0.0010049976)
Gyroscope: (-0.0052649975,-0.0038740002,-0.004320003)
Gyroscope: (-0.027630001,-0.015589001,-0.0021900013)
Gyroscope: (-0.032955,-0.020914,-0.0021900013)
Gyroscope: (-0.0042000003,-0.011328999,-0.0021900013)
Gyroscope: (0.009645,0.009971,0.0010049976)
Gyroscope: (-0.018045,3.860006E-4,-0.0011250004)
Gyroscope: (-0.030824997,-0.015589001,-0.006450001)
Gyroscope: (-0.0052649975,-0.020914,-0.004320003)
Gyroscope: (0.0171,-0.014524,-5.9999526E-5)
Gyroscope: (-0.01272,-0.008134,0.0010049976)
Gyroscope: (-0.04467,0.003581,0.0020699985)
Gyroscope: (-0.045735,0.007841,0.0020699985)
Gyroscope: (-0.052125,0.020621,0.0031349994)
Gyroscope: (-0.046800002,0.046181,-0.013905)
Gyroscope: (-0.014849998,0.16865599,-0.037335005)
Gyroscope: (-0.03615,0.19847599,0.020174999)
Gyroscope: (-0.057449996,0.21871099,0.020174999)
Gyroscope: (-0.03402,0.167591,0.0063299984)
Gyroscope: (-0.04254,0.009971,0.0020699985)
Gyroscope: (-0.018045,-0.088009,-0.0021900013)
Gyroscope: (0.087390006,-0.15723401,-0.026685003)
Gyroscope: (0.124665,-0.264799,-0.018165004)
Gyroscope: (-0.022305,-0.34467402,0.013784997)
Gyroscope: (-0.041474998,0.028076,-0.013905)
Gyroscope: (-0.00846,-0.0017439993,0.0042000003)
Gyroscope: (-0.0010049976,-0.017719,-5.9999526E-5)
Gyroscope: (0.0043199994,0.008906,0.0052649975)
Gyroscope: (-0.014849998,0.0014510006,0.0031349994)
Gyroscope: (-0.031889997,0.011036,0.0063299984)
Gyroscope: (-0.035085,-0.011328999,-0.0011250004)
Gyroscope: (-0.018045,-0.019849,-0.006450001)
Gyroscope: (-0.0031349994,-0.007068999,-0.006450001)
Gyroscope: (-0.011654999,-0.0038740002,-0.008580003)
Gyroscope: (-0.020174999,-0.010264,-0.006450001)
Gyroscope: (0.0053850003,-0.007068999,-0.0032550022)
Gyroscope: (0.026685001,-0.006004,-0.0021900013)
Gyroscope: (-0.0031349994,-0.011328999,-0.0021900013)
Gyroscope: (-0.032955,-0.006004,0.0020699985)
Gyroscope: (-0.01698,-0.011328999,0.0020699985)
Gyroscope: (0.016035002,-0.019849,-0.0021900013)
Gyroscope: (0.02775,-0.012394,-0.004320003)
Gyroscope: (-0.0031349994,-0.004939,-0.0021900013)
Gyroscope: (-0.013785001,-0.004939,0.0010049976)
Gyroscope: (0.007515,-0.004939,-0.0021900013)
Gyroscope: (0.014970001,-6.7899935E-4,-0.004320003)
Gyroscope: (-0.009524997,0.0014510006,-0.0032550022)
Gyroscope: (-0.01698,3.860006E-4,0.0010049976)
Gyroscope: (-0.00846,-0.009198999,0.0010049976)
Gyroscope: (5.9999526E-5,-0.007068999,0.0010049976)
Gyroscope: (0.006450001,-0.012394,-5.9999526E-5)
Gyroscope: (-0.0031349994,-0.023044001,-0.0021900013)
Gyroscope: (-0.014849998,-0.027304001,-0.0021900013)
Gyroscope: (-0.0052649975,-0.013458999,-0.0011250004)
Gyroscope: (0.016035002,-0.0028090002,-0.0053850003)
Gyroscope: (0.0043199994,0.009971,-0.006450001)
Gyroscope: (-0.030824997,-0.0038740002,-0.0011250004)
Gyroscope: (-0.029759996,-0.014524,-5.9999526E-5)
Gyroscope: (5.9999526E-5,-0.018784,-5.9999526E-5)
Gyroscope: (0.018165002,-0.026239,-0.0053850003)
Gyroscope: (0.0053850003,-0.024108998,-0.006450001)
Gyroscope: (-0.02124,-0.007068999,0.0010049976)
Gyroscope: (-0.01272,-0.0017439993,0.0010049976)
Gyroscope: (-0.011654999,-0.013458999,-0.0021900013)
Gyroscope: (-0.02124,-0.023044001,-0.0011250004)
Gyroscope: (-0.009524997,-0.026239,0.0010049976)
Gyroscope: (0.008580001,-0.029434,-0.0011250004)
Gyroscope: (-0.0020699985,-0.027304001,-0.0011250004)
Gyroscope: (-0.014849998,-0.006004,0.0031349994)
Gyroscope: (-0.00846,-0.0028090002,-0.0011250004)
Gyroscope: (-0.020174999,-0.011328999,-0.004320003)
Gyroscope: (-0.019109998,-0.009198999,-5.9999526E-5)
Gyroscope: (-0.0020699985,-0.016654,0.0020699985)
