Accelerometer: (-0.088558,-2.7836835,9.494941)
Accelerometer: (-0.2490565,-2.757333,9.648253)
Accelerometer: (-0.1340725,-2.7980566,9.602738)
Accelerometer: (-0.1292815,-2.6112075,9.499732)
Accelerometer: (-0.1724005,-2.7501464,9.571597)
Accelerometer: (-0.1292815,-2.824407,9.530873)
Accelerometer: (-0.3017575,-2.4626865,9.518896)
Accelerometer: (-0.414346,-2.3189566,9.679395)
Accelerometer: (0.031217,-3.12624,9.521292)
Accelerometer: (-0.170005,-2.4722686,9.494941)
Accelerometer: (-0.3879955,-2.4147766,9.669812)
Accelerometer: (-0.203542,-2.062638,9.655439)
Accelerometer: (-0.011902,-3.4065135,9.4110985)
Accelerometer: (-0.078976,-2.972928,9.514105)
Accelerometer: (-0.1005355,-2.771706,9.566806)
Accelerometer: (-0.055021,-2.589648,9.578783)
Accelerometer: (-0.0717895,-2.853153,9.451822)
Accelerometer: (0.031217,-3.164568,9.37277)
Accelerometer: (-0.00232,-2.6734905,9.550037)
Accelerometer: (-0.059812,-2.733378,9.470986)
Accelerometer: (-0.055021,-2.9753234,9.482964)
Accelerometer: (0.059963,-2.896272,9.444635)
Accelerometer: (0.14141,-2.9369955,9.480568)
Accelerometer: (0.0935,-3.1717546,9.423076)
Accelerometer: (0.150992,-3.3633945,9.34642)
Accelerometer: (0.213275,-3.265179,9.367979)
Accelerometer: (0.1581785,-3.241224,9.375166)
Accelerometer: (0.1246415,-3.2148736,9.432658)
Accelerometer: (0.088709,-3.36579,9.365584)
Accelerometer: (0.0935,-3.490356,9.312883)
Accelerometer: (0.1150595,-3.5598254,9.238623)
Accelerometer: (0.1629695,-3.4208865,9.296115)
Accelerometer: (0.112664,-3.1909184,9.413494)
Accelerometer: (0.127037,-3.4640055,9.255391)
Accelerometer: (0.174947,-3.6412725,9.183526)
Accelerometer: (0.083918,-3.4065135,9.327256)
Accelerometer: (-0.0717895,-2.805243,9.497336)
Accelerometer: (-0.122095,-2.83878,9.403912)
Accelerometer: (0.064754,-3.6556456,9.260182)
Accelerometer: (0.3019085,-3.7706294,9.226645)
Accelerometer: (0.079127,-3.0807254,9.468591)
Accelerometer: (-0.1340725,-2.8699214,9.542851)
Accelerometer: (-0.246661,-3.0280244,9.662626)
Accelerometer: (-0.3065485,-2.786079,9.808751)
Accelerometer: (-0.203542,-3.202896,9.653044)
Accelerometer: (-0.4119505,-3.7610476,9.617111)
Accelerometer: (-0.744925,-2.848362,9.619507)
Accelerometer: (-0.735343,-1.9883775,9.614716)
Accelerometer: (-0.48142,-2.7118185,9.468591)
Accelerometer: (-0.6658735,-2.560902,9.794378)
Accelerometer: (-1.085086,-1.88058,9.712932)
Accelerometer: (-0.8910505,-1.957236,9.447031)
Accelerometer: (-1.1785105,-1.952445,9.427867)
Accelerometer: (-1.889974,-2.2375095,9.676999)
Accelerometer: (-2.0360994,-2.5920434,9.454218)
Accelerometer: (-2.20618,-2.469873,9.367979)
Accelerometer: (-2.431357,-2.8747125,9.264973)
Accelerometer: (-2.2660675,-3.8329124,9.269764)
Accelerometer: (-1.8636235,-3.8760314,8.965535)
Accelerometer: (-2.321164,-2.5489244,9.099684)
Accelerometer: (-2.848174,-1.8159015,9.566806)
Accelerometer: (-3.073351,-2.220741,9.367979)
Accelerometer: (-3.3488336,-3.1046805,8.898461)
Accelerometer: (-3.5356824,-2.9705324,8.805037)
Accelerometer: (-3.6123385,-3.001674,8.869716)
Accelerometer: (-3.6219206,-2.6399536,8.96314)
Accelerometer: (-3.998014,-1.9500495,8.934394)
Accelerometer: (-4.299847,-1.0924605,8.742754)
Accelerometer: (-4.400458,-1.06611,8.929603)
Accelerometer: (-4.3741074,-0.6421065,8.872111)
Accelerometer: (-4.9634004,-3.79698,8.524763)
Accelerometer: (-5.6557,-6.441612,6.931756)
Accelerometer: (-5.6868415,0.3544215,9.027819)
Accelerometer: (-5.650909,-0.495981,8.431339)
Accelerometer: (-5.3754263,-2.431545,7.1784925)
Accelerometer: (-5.981488,-1.109229,8.24449)
Accelerometer: (-6.1348,-0.716367,7.6815476)
Accelerometer: (-6.062935,-1.44939,7.5521903)
Accelerometer: (-6.70972,-1.482927,7.4419975)
Accelerometer: (-7.0043664,-0.6133605,7.559377)
Accelerometer: (-6.7552347,-0.2492445,7.233589)
Accelerometer: (-6.8462634,-0.333087,6.9724793)
Accelerometer: (-7.457116,-0.4456755,6.6227365)
Accelerometer: (-7.3157816,0.960483,6.447865)
Accelerometer: (-7.1289325,0.8862225,6.802399)
Accelerometer: (-7.4499297,0.1004985,5.9472055)
Accelerometer: (-8.130252,-0.194148,5.9424143)
Accelerometer: (-7.893097,0.6227175,6.356836)
Accelerometer: (-7.71583,0.6850005,6.0286527)
Accelerometer: (-8.032036,1.865982,5.7316103)
Accelerometer: (-7.437952,1.8252585,6.160405)
Accelerometer: (-7.912261,0.433473,5.6597457)
Accelerometer: (-8.484785,1.5138435,6.0621896)
Accelerometer: (-7.76374,3.2386036,6.13645)
Accelerometer: (-7.6846886,2.4432974,5.3195844)
Accelerometer: (-8.587792,1.7054836,4.809343)
Accelerometer: (-8.343451,2.579841,4.9506774)
Accelerometer: (-8.0512,1.95222,4.4907417)
Accelerometer: (-9.143548,1.837236,4.3230567)
Accelerometer: (-8.853692,2.4912076,4.8117385)
Accelerometer: (-8.077551,2.982285,4.857253)
Accelerometer: (-7.7565536,3.346401,5.0848255)
Accelerometer: (-7.624801,3.0373814,5.662141)
Accelerometer: (-8.836924,1.827654,4.828507)
Accelerometer: (-8.911184,2.584632,4.6105165)
Accelerometer: (-8.254818,3.0373814,4.31587)
Accelerometer: (-7.442743,3.619488,5.3770766)
Accelerometer: (-7.3972287,2.982285,5.2908387)
Accelerometer: (-8.609351,2.7930405,4.8692303)
Accelerometer: (-8.288355,3.5164814,5.1087804)
Accelerometer: (-7.6224055,4.06026,5.326771)
Accelerometer: (-7.7373896,3.447012,5.2477193)
Accelerometer: (-8.273981,3.2529764,4.8596487)
Accelerometer: (-7.960171,3.590742,4.8692303)
Accelerometer: (-7.413997,3.3919156,5.2908387)
Accelerometer: (-6.810331,3.6218834,5.9615784)
Accelerometer: (-8.163789,2.8505325,5.053684)
Accelerometer: (-9.177085,3.806337,4.69915)
Accelerometer: (-7.533772,4.2878327,5.144713)
Accelerometer: (-7.4595113,3.130806,4.708732)
Accelerometer: (-8.858483,2.7403395,4.301497)
Accelerometer: (-8.118274,3.461385,4.9746323)
Accelerometer: (-7.4930487,2.8601146,5.5112243)
Accelerometer: (-8.230863,2.6109824,5.743588)
Accelerometer: (-7.538563,2.728362,5.51362)
Accelerometer: (-8.285959,2.5151625,5.22616)
Accelerometer: (-8.29075,2.8792784,5.3531213)
Accelerometer: (-7.528981,2.8792784,5.4393597)
Accelerometer: (-8.070364,3.0661275,5.1279445)
Accelerometer: (-7.538563,4.3644886,5.2668834)
Accelerometer: (-7.064254,3.777591,5.825035)
Accelerometer: (-8.594978,1.9210784,4.9387)
Accelerometer: (-8.72194,2.4672525,4.7111273)
Accelerometer: (-8.044013,3.1906936,4.9027677)
Accelerometer: (-7.145701,3.648234,5.8561764)
Accelerometer: (-7.485862,2.646915,5.7124467)
Accelerometer: (-8.163789,3.3775425,5.5112243)
Accelerometer: (-7.7661357,3.6314654,5.1710634)
Accelerometer: (-7.8427916,3.1523654,5.4681053)
Accelerometer: (-7.2151704,3.4206614,5.925646)
Accelerometer: (-7.318177,3.475758,5.5351796)
Accelerometer: (-8.573419,3.4925265,4.9794235)
Accelerometer: (-7.826023,3.231417,5.0225425)
Accelerometer: (-7.064254,3.7129126,5.599858)
Accelerometer: (-7.3109903,3.561996,5.5591345)
Accelerometer: (-8.477599,3.288909,5.1710634)
Accelerometer: (-7.8667464,3.1332016,5.2237644)
Accelerometer: (-7.2918267,3.566787,5.5303884)
Accelerometer: (-7.62001,3.399102,5.4345684)
Accelerometer: (-7.739785,3.494922,5.614231)
Accelerometer: (-7.1576786,3.7728,5.8465943)
Accelerometer: (-7.2726626,3.7943594,5.6693277)
Accelerometer: (-7.7613444,3.5835555,5.5112243)
Accelerometer: (-8.199721,2.7211754,5.048893)
Accelerometer: (-7.9338207,3.14997,5.115967)
Accelerometer: (-7.275058,3.0996644,5.714842)
Accelerometer: (-7.85956,3.0277996,5.4297776)
Accelerometer: (-7.917052,3.7368674,5.5591345)
Accelerometer: (-7.687084,3.0757096,5.4824786)
Accelerometer: (-6.963643,3.0661275,6.237061)
Accelerometer: (-7.528981,3.2194395,5.5591345)
Accelerometer: (-8.281168,3.5068996,5.312398)
Accelerometer: (-7.830814,2.642124,5.206996)
Accelerometer: (-8.041618,2.833764,5.230951)
Accelerometer: (-7.4690933,3.6793754,5.374681)
Accelerometer: (-7.1385145,4.0818195,5.7938933)
Accelerometer: (-7.299013,3.4589894,6.074167)
Accelerometer: (-7.3780646,3.3056774,5.9807425)
Accelerometer: (-8.211699,2.9559345,5.1327357)
Accelerometer: (-8.285959,2.7738764,5.0033784)
Accelerometer: (-7.5361676,2.8026226,5.17825)
Accelerometer: (-7.4307656,3.34161,5.7843113)
Accelerometer: (-7.2918267,3.6554205,6.2298746)
Accelerometer: (-7.6559424,3.073314,5.7076554)
Accelerometer: (-7.6559424,3.0900824,5.595067)
Accelerometer: (-7.437952,3.451803,5.5112243)
Accelerometer: (-7.893097,2.6253555,5.202205)
Accelerometer: (-8.333869,2.800227,5.278861)
Accelerometer: (-7.409206,3.523668,5.901691)
Accelerometer: (-6.867823,3.4206614,6.7137656)
Accelerometer: (-7.4786754,3.020613,5.7747297)
Accelerometer: (-8.357824,3.0661275,5.1902275)
Accelerometer: (-7.3014083,3.025404,5.106385)
Accelerometer: (-7.8475823,2.7211754,5.144713)
Accelerometer: (-8.319496,3.538041,5.4585233)
Accelerometer: (-6.8366814,3.5021086,6.078958)
Accelerometer: (-7.7134347,2.9511435,5.935228)
Accelerometer: (-7.749367,2.948748,5.695678)
Accelerometer: (-7.6463604,3.561996,5.3339577)
Accelerometer: (-7.3445277,3.4398255,5.5974627)
Accelerometer: (-7.47628,2.8553236,5.590276)
Accelerometer: (-7.5170035,3.3775425,5.863363)
Accelerometer: (-8.14702,3.2913046,5.202205)
Accelerometer: (-7.845187,3.298491,5.4537325)
Accelerometer: (-7.1720514,3.403893,5.7507744)
Accelerometer: (-7.18882,3.638652,6.150823)
Accelerometer: (-7.294222,3.317655,5.839408)
Accelerometer: (-7.4116015,3.523668,5.7891026)
Accelerometer: (-8.132647,3.0230086,5.345935)
Accelerometer: (-7.624801,3.5068996,5.389054)
Accelerometer: (-7.289431,3.700935,5.51362)
Accelerometer: (-7.5721,3.164343,5.6693277)
Accelerometer: (-7.7182255,3.6075106,5.6932826)
Accelerometer: (-7.3061996,3.787173,5.647768)
Accelerometer: (-7.2391257,3.494922,5.8609676)
Accelerometer: (-7.4211836,2.991867,5.642977)
Accelerometer: (-7.9673576,3.585951,5.480083)
Accelerometer: (-7.596055,3.121224,5.4297776)
Accelerometer: (-7.596055,3.145179,5.638186)
Accelerometer: (-7.2534986,4.0003724,5.8178487)
Accelerometer: (-6.810331,3.844665,6.1436367)
Accelerometer: (-7.8859105,3.0900824,5.436964)
Accelerometer: (-7.768531,3.4925265,5.4585233)
Accelerometer: (-7.5505404,3.058941,5.527993)
Accelerometer: (-7.351714,3.0805006,5.6741185)
Accelerometer: (-7.5026307,3.6697936,5.8178487)
Accelerometer: (-7.433161,3.082896,5.853781)
Accelerometer: (-8.012872,2.790645,5.7220287)
Accelerometer: (-7.505026,3.2769315,5.527993)
Accelerometer: (-7.3732734,3.360774,5.6118355)
Accelerometer: (-7.677502,2.891256,5.427382)
Accelerometer: (-7.653547,3.097269,5.6837006)
Accelerometer: (-7.52419,3.2433946,5.9999065)
Accelerometer: (-7.6942706,3.365565,5.7220287)
Accelerometer: (-7.2870355,3.514086,5.7316103)
Accelerometer: (-7.5170035,2.886465,5.5160155)
Accelerometer: (-7.6942706,3.164343,5.791498)
Accelerometer: (-7.2247524,3.7224946,5.8609676)
Accelerometer: (-6.9516654,3.5260634,6.117286)
Accelerometer: (-8.07276,2.785854,5.360308)
Accelerometer: (-7.926634,3.4541986,5.4441504)
Accelerometer: (-7.069045,3.3631694,5.7220287)
Accelerometer: (-7.490653,3.327237,5.887318)
Accelerometer: (-7.490653,3.873411,5.777125)
Accelerometer: (-7.533772,3.4973176,5.5639253)
Accelerometer: (-7.4547205,2.920002,5.571112)
Accelerometer: (-7.447534,3.379938,5.8897133)
Accelerometer: (-7.5170035,3.777591,5.710051)
Accelerometer: (-7.308595,3.5787644,5.7795205)
Accelerometer: (-6.99718,3.087687,5.9519963)
Accelerometer: (-7.9290295,3.34161,5.5255976)
Accelerometer: (-7.754158,3.839874,5.3770766)
Accelerometer: (-7.097791,3.5452275,5.8418036)
Accelerometer: (-7.346923,3.2146485,5.65735)
Accelerometer: (-7.883515,3.935694,5.5543437)
Accelerometer: (-7.294222,3.2960956,5.6980734)
Accelerometer: (-7.533772,3.140388,5.638186)
Accelerometer: (-7.2534986,3.844665,5.7555656)
Accelerometer: (-7.4978395,3.5500185,5.7651477)
Accelerometer: (-7.342132,3.097269,5.772334)
Accelerometer: (-7.548145,3.7895684,5.772334)
Accelerometer: (-7.1960063,3.6027195,5.75317)
Accelerometer: (-7.7038527,3.4494076,5.5160155)
Accelerometer: (-7.2534986,3.403893,5.7220287)
Accelerometer: (-7.5744953,3.3679605,5.777125)
Accelerometer: (-7.303804,3.4973176,5.695678)
Accelerometer: (-7.7757177,3.5404365,5.5303884)
Accelerometer: (-7.3014083,3.5739734,5.5878806)
Accelerometer: (-7.1864247,3.4350345,5.9424143)
Accelerometer: (-7.3876467,3.126015,5.9807425)
Accelerometer: (-7.4116015,3.9572535,5.810662)
Accelerometer: (-7.3780646,3.4302435,5.5782986)
Accelerometer: (-7.7230163,3.140388,5.585485)
Accelerometer: (-7.1672606,3.3535874,5.810662)
Accelerometer: (-7.4786754,3.609906,5.8801317)
Accelerometer: (-7.093,3.2673495,6.165196)
Accelerometer: (-7.500235,3.399102,5.9951153)
Accelerometer: (-7.418788,3.5164814,5.6932826)
Accelerometer: (-7.471489,2.915211,5.6118355)
Accelerometer: (-7.437952,3.3392146,5.75317)
Accelerometer: (-7.255894,3.7608225,5.8849225)
Accelerometer: (-7.600846,3.126015,5.8226395)
Accelerometer: (-7.7757177,3.2002754,5.60944)
Accelerometer: (-7.222357,3.744054,5.690887)
Accelerometer: (-7.5122123,3.188298,5.537575)
Accelerometer: (-7.481071,3.135597,5.6597457)
Accelerometer: (-7.2343345,3.4062884,6.069376)
Accelerometer: (-7.52419,3.188298,6.1053085)
Accelerometer: (-7.461907,3.346401,5.9711604)
Accelerometer: (-7.279849,3.523668,5.652559)
Accelerometer: (-7.260685,3.5308545,5.5687165)
Accelerometer: (-7.433161,3.2625585,5.6645365)
Accelerometer: (-7.610428,3.4685714,5.872945)
Accelerometer: (-7.485862,3.097269,5.8992953)
Accelerometer: (-7.4690933,3.1188285,5.877736)
Accelerometer: (-7.2055883,3.379938,5.858572)
Accelerometer: (-7.4211836,3.298491,5.734006)
Accelerometer: (-7.461907,3.1140375,5.9184594)
Accelerometer: (-7.52419,3.24579,5.8034754)
Accelerometer: (-7.663129,3.43743,5.695678)
Accelerometer: (-7.447534,3.236208,5.508829)
Accelerometer: (-7.23673,3.332028,5.8609676)
Accelerometer: (-7.3828554,3.0805006,6.069376)
Accelerometer: (-7.485862,3.394311,6.0717716)
Accelerometer: (-7.3780646,3.207462,5.863363)
Accelerometer: (-7.6032414,2.9223976,5.6309996)
Accelerometer: (-7.303804,3.5212724,5.7555656)
Accelerometer: (-7.308595,3.427848,5.8178487)
Accelerometer: (-7.4643025,3.19788,5.9615784)
Accelerometer: (-7.4978395,3.255372,5.84899)
Accelerometer: (-7.5984507,3.24579,5.70526)
Accelerometer: (-7.3253636,3.2098575,5.8034754)
Accelerometer: (-7.346923,2.9607255,5.8897133)
Accelerometer: (-7.8427916,3.1954844,5.772334)
Accelerometer: (-7.418788,3.4829445,5.7507744)
Accelerometer: (-7.251103,3.2242305,5.8969)
Accelerometer: (-7.596055,2.9990535,5.690887)
Accelerometer: (-7.4882574,3.5164814,5.7986846)
Accelerometer: (-7.3780646,3.2386036,5.805871)
Accelerometer: (-7.4643025,2.8553236,5.9759517)
Accelerometer: (-7.4020195,3.202671,5.959183)
Accelerometer: (-7.38046,3.3535874,5.8513856)
Accelerometer: (-7.5313764,3.087687,5.734006)
Accelerometer: (-7.5457497,3.212253,5.724424)
Accelerometer: (-7.5313764,3.274536,5.762752)
Accelerometer: (-7.452325,3.2433946,5.767543)
Accelerometer: (-7.6271963,3.3296325,5.7028646)
Accelerometer: (-7.2151704,3.034986,5.9567876)
Accelerometer: (-7.4307656,2.996658,6.055003)
Accelerometer: (-7.3061996,3.1475744,6.1340547)
Accelerometer: (-7.3732734,3.212253,6.026257)
Accelerometer: (-7.3828554,3.135597,5.8034754)
Accelerometer: (-7.337341,3.231417,5.8082666)
Accelerometer: (-7.6894794,3.130806,5.710051)
Accelerometer: (-7.5409584,3.188298,5.777125)
Accelerometer: (-7.4547205,2.9942625,5.9232507)
Accelerometer: (-7.586473,3.2433946,5.8226395)
Accelerometer: (-7.4307656,3.2481854,5.7891026)
Accelerometer: (-7.4786754,3.00624,5.7411923)
Accelerometer: (-7.150492,3.1332016,6.222688)
Accelerometer: (-7.452325,2.8696966,6.13645)
Accelerometer: (-7.4738846,3.1427834,6.0094886)
Accelerometer: (-7.533772,3.10206,5.757961)
Accelerometer: (-7.490653,2.9032335,5.6789093)
Accelerometer: (-7.3493185,3.1667385,5.930437)
Accelerometer: (-7.4547205,3.030195,5.930437)
Accelerometer: (-7.629592,3.0661275,5.9472055)
Accelerometer: (-7.2630806,3.1140375,5.9711604)
Accelerometer: (-7.275058,3.3248415,5.9951153)
Accelerometer: (-7.4211836,2.9798894,5.844199)
Accelerometer: (-7.663129,3.025404,5.868154)
Accelerometer: (-7.3541093,3.126015,5.8609676)
Accelerometer: (-7.3876467,3.1475744,5.8561764)
Accelerometer: (-7.5984507,3.044568,5.825035)
Accelerometer: (-7.557727,2.943957,5.7891026)
Accelerometer: (-7.418788,3.1523654,5.9328327)
Accelerometer: (-7.2678714,3.1092465,6.131659)
Accelerometer: (-7.5409584,3.1188285,5.906482)
Accelerometer: (-7.5697045,3.126015,5.6501637)
Accelerometer: (-7.466698,3.092478,5.7843113)
Accelerometer: (-7.322968,3.154761,5.9088774)
Accelerometer: (-7.3349457,3.159552,6.1196814)
Accelerometer: (-7.5721,3.1092465,5.901691)
Accelerometer: (-7.4259744,3.2242305,5.8226395)
Accelerometer: (-7.466698,2.857719,5.772334)
Accelerometer: (-7.4259744,3.2338126,5.8753405)
Accelerometer: (-7.289431,3.466176,6.007093)
Accelerometer: (-7.433161,2.8888605,6.0046973)
Accelerometer: (-7.5984507,3.0469635,5.935228)
Accelerometer: (-7.471489,3.260163,5.7411923)
Accelerometer: (-7.505026,3.217044,5.724424)
Accelerometer: (-7.33255,3.1811116,5.839408)
Accelerometer: (-7.3972287,3.0996644,5.959183)
Accelerometer: (-7.2439165,2.9463525,6.217897)
Accelerometer: (-7.6751065,2.8026226,5.858572)
Accelerometer: (-7.543354,3.4398255,5.8418036)
Accelerometer: (-7.322968,3.0469635,5.7364016)
Accelerometer: (-7.3972287,2.9655166,5.8657584)
Accelerometer: (-7.481071,3.1763206,5.872945)
Accelerometer: (-7.5649133,3.0900824,5.9472055)
Accelerometer: (-7.433161,2.8505325,6.026257)
Accelerometer: (-7.5313764,3.1954844,5.901691)
Accelerometer: (-7.404415,3.2433946,5.7411923)
Accelerometer: (-7.404415,3.0517545,5.810662)
Accelerometer: (-7.4307656,2.900838,5.9328327)
Accelerometer: (-7.5553317,3.2673495,5.99272)
Accelerometer: (-7.437952,3.1619475,5.839408)
Accelerometer: (-7.3636913,3.1427834,5.906482)
Accelerometer: (-7.413997,2.9894714,5.853781)
Accelerometer: (-7.4738846,3.2673495,5.9951153)
Accelerometer: (-7.356505,3.0277996,5.8945045)
Accelerometer: (-7.6032414,3.2098575,5.7938933)
Accelerometer: (-7.4259744,3.178716,5.7986846)
Accelerometer: (-7.390042,3.0373814,5.911273)
Accelerometer: (-7.567309,3.2098575,5.8801317)
Accelerometer: (-7.3445277,3.53325,5.8130574)
Accelerometer: (-7.3014083,3.1523654,5.8561764)
Accelerometer: (-7.605637,2.9271884,5.8130574)
Accelerometer: (-7.4978395,3.2865136,5.820244)
Accelerometer: (-7.246312,3.193089,5.9807425)
Accelerometer: (-7.47628,2.9846804,5.9472055)
Accelerometer: (-7.5170035,3.3344235,5.9472055)
Accelerometer: (-7.327759,3.044568,5.8801317)
Accelerometer: (-7.4163923,2.982285,5.9136686)
Accelerometer: (-7.4211836,3.1379924,5.791498)
Accelerometer: (-7.7038527,3.202671,5.7651477)
Accelerometer: (-7.322968,3.1092465,5.8513856)
Accelerometer: (-7.361296,3.288909,5.983138)
Accelerometer: (-7.4595113,2.95833,5.9424143)
Accelerometer: (-7.7613444,3.068523,5.7316103)
Accelerometer: (-7.370878,3.169134,5.671723)
Accelerometer: (-7.2966175,3.312864,5.911273)
Accelerometer: (-7.3636913,3.279327,5.877736)
Accelerometer: (-7.76374,3.19788,5.8561764)
Accelerometer: (-7.4307656,2.8840694,5.786707)
Accelerometer: (-7.3876467,2.8026226,6.045421)
Accelerometer: (-7.5936594,2.9750986,5.983138)
Accelerometer: (-7.3541093,3.518877,5.949601)
Accelerometer: (-7.035508,3.2529764,6.069376)
Accelerometer: (-7.3493185,2.900838,6.0430255)
Accelerometer: (-7.624801,3.1332016,5.7986846)
Accelerometer: (-7.5840774,3.298491,5.70526)
Accelerometer: (-7.423579,3.126015,5.748379)
Accelerometer: (-7.418788,3.3008864,5.872945)
Accelerometer: (-7.437952,3.3919156,5.9136686)
Accelerometer: (-7.2295437,3.092478,6.0094886)
Accelerometer: (-7.461907,3.0613365,5.9424143)
Accelerometer: (-7.5936594,3.212253,5.7938933)
Accelerometer: (-7.490653,3.073314,5.8130574)
Accelerometer: (-7.3876467,2.9463525,5.911273)
Accelerometer: (-7.437952,3.1475744,5.9807425)
Accelerometer: (-7.552936,3.135597,5.820244)
Accelerometer: (-7.5553317,3.111642,5.7603564)
Accelerometer: (-7.255894,3.082896,5.9951153)
Accelerometer: (-7.3541093,3.0277996,6.002302)
Accelerometer: (-7.543354,3.2290215,5.872945)
Accelerometer: (-7.3876467,3.1379924,5.954392)
Accelerometer: (-7.4547205,2.886465,5.8849225)
Accelerometer: (-7.437952,3.097269,5.9280415)
Accelerometer: (-7.6271963,3.1619475,5.681305)
Accelerometer: (-7.4163923,3.2386036,5.7795205)
Accelerometer: (-7.4738846,3.00624,5.8801317)
Accelerometer: (-7.5074215,2.8649056,5.9519963)
Accelerometer: (-7.457116,3.034986,5.963974)
Accelerometer: (-7.3445277,3.106851,5.963974)
Accelerometer: (-7.375669,3.1092465,6.0190706)
Accelerometer: (-7.519399,2.9367704,5.825035)
Accelerometer: (-7.437952,3.193089,5.9088774)
Accelerometer: (-7.4116015,2.982285,5.9519963)
Accelerometer: (-7.385251,3.19788,6.04063)
Accelerometer: (-7.4451385,3.1379924,5.829826)
Accelerometer: (-7.591264,3.116433,5.767543)
Accelerometer: (-7.1720514,3.0948734,5.997511)
Accelerometer: (-7.366087,3.10206,6.0046973)
Accelerometer: (-7.682293,3.193089,5.8274307)
Accelerometer: (-7.5409584,3.0182176,5.714842)
Accelerometer: (-7.361296,3.0421724,5.8418036)
Accelerometer: (-7.2247524,3.2290215,6.026257)
Accelerometer: (-7.461907,3.255372,5.9472055)
Accelerometer: (-7.600846,3.14997,5.8130574)
Accelerometer: (-7.437952,3.0325904,5.6980734)
Accelerometer: (-7.4738846,2.9367704,5.8801317)
Accelerometer: (-7.265476,3.159552,6.256225)
Accelerometer: (-7.294222,3.111642,6.13645)
Accelerometer: (-7.600846,3.1523654,5.7364016)
Accelerometer: (-7.3780646,3.2146485,5.7364016)
Accelerometer: (-7.2966175,2.929584,5.9136686)
Accelerometer: (-7.586473,3.188298,6.069376)
Accelerometer: (-7.404415,3.226626,5.940019)
Accelerometer: (-7.442743,2.929584,5.8274307)
Accelerometer: (-7.375669,3.058941,5.868154)
Accelerometer: (-7.4163923,3.1906936,5.935228)
Accelerometer: (-7.437952,3.092478,5.9711604)
Accelerometer: (-7.351714,3.0948734,5.9951153)
Accelerometer: (-7.423579,3.0757096,5.9424143)
Accelerometer: (-7.5026307,3.260163,5.9376235)
Accelerometer: (-7.3349457,3.14997,5.853781)
Accelerometer: (-7.519399,2.905629,5.8609676)
Accelerometer: (-7.3684826,3.0996644,6.0094886)
Accelerometer: (-7.2199616,3.2673495,6.23227)
Accelerometer: (-7.5601225,2.900838,5.9184594)
Accelerometer: (-7.390042,3.2050664,5.949601)
Accelerometer: (-7.313386,3.0086355,5.7938933)
Accelerometer: (-7.490653,3.207462,5.9088774)
Accelerometer: (-7.437952,3.2002754,5.9280415)
Accelerometer: (-7.2678714,3.0421724,6.1915464)
Accelerometer: (-7.437952,2.9655166,6.0526075)
Accelerometer: (-7.404415,3.3727515,5.820244)
Accelerometer: (-7.452325,3.034986,5.7507744)
Accelerometer: (-7.4499297,2.86251,5.8513856)
Accelerometer: (-7.3301544,3.3631694,6.112495)
Accelerometer: (-7.4307656,3.1619475,6.0478163)
Accelerometer: (-7.567309,3.0852914,5.8801317)
Accelerometer: (-7.2343345,3.140388,5.8753405)
Accelerometer: (-7.433161,2.800227,5.906482)
Accelerometer: (-7.533772,2.920002,5.954392)
Accelerometer: (-7.3301544,3.2002754,6.0142794)
Accelerometer: (-7.5217943,3.1284106,5.9711604)
Accelerometer: (-7.1720514,3.1763206,6.1196814)
Accelerometer: (-7.3445277,3.14997,6.112495)
Accelerometer: (-7.3589005,3.111642,6.007093)
Accelerometer: (-7.6367784,2.934375,5.6741185)
Accelerometer: (-7.409206,3.183507,5.8322215)
Accelerometer: (-7.2918267,3.082896,5.940019)
Accelerometer: (-7.4643025,3.121224,5.978347)
Accelerometer: (-7.528981,3.250581,5.9184594)
Accelerometer: (-7.3349457,3.212253,5.9424143)
Accelerometer: (-7.3493185,2.86251,5.9855337)
Accelerometer: (-7.4978395,3.0661275,6.0334435)
Accelerometer: (-7.3828554,3.135597,5.9567876)
Accelerometer: (-7.356505,2.905629,5.9328327)
Accelerometer: (-7.279849,3.1906936,6.04063)
Accelerometer: (-7.5792866,3.0661275,5.8969)
Accelerometer: (-7.4690933,3.19788,5.8992953)
Accelerometer: (-7.2343345,3.0805006,6.0046973)
Accelerometer: (-7.390042,3.10206,6.0717716)
Accelerometer: (-7.390042,2.924793,5.954392)
Accelerometer: (-7.672711,3.183507,5.6980734)
Accelerometer: (-7.351714,3.188298,5.80108)
Accelerometer: (-7.2870355,2.963121,6.0478163)
Accelerometer: (-7.452325,3.236208,6.122077)
Accelerometer: (-7.437952,3.327237,5.9088774)
Accelerometer: (-7.337341,3.068523,5.858572)
Accelerometer: (-7.1768427,3.0277996,6.031048)
Accelerometer: (-7.4978395,3.1092465,5.949601)
Accelerometer: (-7.505026,3.2577674,5.9663696)
Accelerometer: (-7.255894,3.0900824,5.9615784)
Accelerometer: (-7.500235,2.9463525,5.8753405)
Accelerometer: (-7.4738846,3.2146485,5.9519963)
Accelerometer: (-7.3397365,3.0134265,5.8609676)
Accelerometer: (-7.3301544,3.0517545,6.0190706)
Accelerometer: (-7.47628,3.0900824,5.9472055)
Accelerometer: (-7.346923,3.346401,6.011884)
Accelerometer: (-7.437952,2.9798894,5.901691)
Accelerometer: (-7.4307656,3.092478,5.9472055)
Accelerometer: (-7.3109903,3.255372,5.963974)
Accelerometer: (-7.23673,2.953539,6.0430255)
Accelerometer: (-7.5936594,2.987076,5.968765)
Accelerometer: (-7.3732734,3.3104684,5.9711604)
Accelerometer: (-7.52419,3.039777,5.8082666)
Accelerometer: (-7.23673,3.2050664,5.949601)
Accelerometer: (-7.2870355,3.1475744,6.016675)
Accelerometer: (-7.5313764,3.0661275,6.0046973)
Accelerometer: (-7.3493185,3.0325904,5.987929)
Accelerometer: (-7.409206,3.092478,5.8897133)
Accelerometer: (-7.3684826,3.240999,5.9376235)
Accelerometer: (-7.4020195,3.0230086,5.954392)
Accelerometer: (-7.418788,2.891256,5.935228)
Accelerometer: (-7.5170035,3.193089,5.9088774)
Accelerometer: (-7.231939,3.063732,6.021466)
Accelerometer: (-7.4211836,2.967912,6.0046973)
Accelerometer: (-7.4595113,3.2625585,5.930437)
Accelerometer: (-7.4259744,3.0996644,5.9232507)
Accelerometer: (-7.23673,2.872092,6.04063)
Accelerometer: (-7.514608,3.0948734,5.877736)
Accelerometer: (-7.519399,3.3152595,5.858572)
Accelerometer: (-7.356505,2.843346,5.858572)
Accelerometer: (-7.2582893,3.116433,6.146032)
Accelerometer: (-7.4451385,3.288909,6.0382347)
Accelerometer: (-7.5792866,2.972703,5.7699385)
Accelerometer: (-7.23673,2.934375,5.906482)
Accelerometer: (-7.3061996,3.1188285,6.1436367)
Accelerometer: (-7.356505,3.279327,6.208315)
Accelerometer: (-7.5074215,3.068523,5.839408)
Accelerometer: (-7.6511517,3.00624,5.5447617)
Accelerometer: (-7.423579,3.011031,5.6741185)
Accelerometer: (-7.246312,3.1954844,6.093331)
Accelerometer: (-7.3876467,2.9463525,6.23227)
Accelerometer: (-7.6271963,2.991867,6.150823)
Accelerometer: (-7.3589005,2.872092,5.868154)
Accelerometer: (-7.5721,2.838555,5.7747297)
Accelerometer: (-7.351714,3.226626,5.8322215)
Accelerometer: (-7.1480966,3.638652,5.968765)
Accelerometer: (-7.4547205,3.3823335,5.9088774)
Accelerometer: (-7.5122123,3.154761,5.8969)
Accelerometer: (-7.548145,2.963121,5.781916)
Accelerometer: (-7.4068103,2.886465,5.8969)
Accelerometer: (-7.4403477,2.9655166,5.9759517)
Accelerometer: (-7.1720514,3.3152595,6.146032)
Accelerometer: (-7.567309,3.015822,5.9376235)
Accelerometer: (-7.639174,2.9032335,5.7603564)
Accelerometer: (-7.3061996,3.0325904,5.762752)
Accelerometer: (-7.4786754,2.9559345,5.853781)
Accelerometer: (-7.5457497,2.9655166,5.9663696)
Accelerometer: (-7.3684826,3.145179,6.055003)
Accelerometer: (-7.3493185,3.0948734,6.04063)
Accelerometer: (-7.490653,2.9894714,5.8753405)
Accelerometer: (-7.653547,2.9846804,5.805871)
Accelerometer: (-7.3493185,2.9080245,5.8561764)
Accelerometer: (-7.3684826,3.011031,6.0478163)
Accelerometer: (-7.4163923,3.0996644,6.055003)
Accelerometer: (-7.533772,3.0900824,5.8969)
Accelerometer: (-7.47628,3.0038445,5.7747297)
Accelerometer: (-7.3876467,3.1667385,5.844199)
Accelerometer: (-7.4499297,3.288909,5.863363)
Accelerometer: (-7.394833,3.1332016,5.94481)
Accelerometer: (-7.6080327,2.805018,5.8705497)
Accelerometer: (-7.538563,2.95833,5.9280415)
Accelerometer: (-7.227148,3.00624,5.954392)
Accelerometer: (-7.490653,3.1763206,5.9663696)
Accelerometer: (-7.552936,3.0948734,5.8130574)
Accelerometer: (-7.5505404,3.0373814,5.738797)
Accelerometer: (-7.299013,3.0038445,5.949601)
Accelerometer: (-7.3876467,3.135597,6.131659)
Accelerometer: (-7.514608,3.0325904,6.007093)
Accelerometer: (-7.5721,2.9176066,5.772334)
Accelerometer: (-7.394833,3.034986,5.743588)
Accelerometer: (-7.308595,3.159552,5.935228)
Accelerometer: (-7.4355564,3.19788,6.059794)
Accelerometer: (-7.4882574,2.977494,6.031048)
Accelerometer: (-7.5074215,2.867301,5.949601)
Accelerometer: (-7.447534,3.0182176,5.882527)
Accelerometer: (-7.3157816,3.1523654,5.9136686)
Accelerometer: (-7.3445277,3.020613,6.0861444)
Accelerometer: (-7.437952,3.121224,5.930437)
Accelerometer: (-7.485862,3.0613365,5.8082666)
Accelerometer: (-7.6463604,2.857719,5.738797)
Accelerometer: (-7.385251,2.991867,5.8609676)
Accelerometer: (-7.3349457,3.082896,6.031048)
Accelerometer: (-7.576891,3.001449,6.011884)
Accelerometer: (-7.4068103,3.001449,6.0142794)
Accelerometer: (-7.3924375,2.9703076,5.9376235)
Accelerometer: (-7.4068103,2.9271884,5.925646)
Accelerometer: (-7.4643025,3.034986,5.949601)
Accelerometer: (-7.351714,3.1715295,6.04063)
Accelerometer: (-7.375669,2.8792784,5.9855337)
Accelerometer: (-7.7661357,2.9176066,5.738797)
Accelerometer: (-7.3397365,3.236208,5.7891026)
Accelerometer: (-7.2918267,3.082896,5.9663696)
Accelerometer: (-7.4163923,3.173925,6.1005173)
Accelerometer: (-7.505026,3.1667385,5.9280415)
Accelerometer: (-7.452325,2.9703076,5.868154)
Accelerometer: (-7.3636913,3.015822,5.8753405)
Accelerometer: (-7.2151704,3.403893,6.1244726)
Accelerometer: (-7.452325,2.896047,6.026257)
Accelerometer: (-7.658338,3.0038445,5.8992953)
Accelerometer: (-7.3014083,3.1715295,5.810662)
Accelerometer: (-7.3828554,3.011031,5.7986846)
Accelerometer: (-7.5074215,3.05415,5.935228)
Accelerometer: (-7.4499297,3.00624,5.9472055)
Accelerometer: (-7.557727,3.111642,5.8561764)
Accelerometer: (-7.3493185,3.188298,5.8945045)
Accelerometer: (-7.409206,2.8792784,5.9040866)
Accelerometer: (-7.4355564,3.0661275,6.035839)
Accelerometer: (-7.4068103,3.106851,5.9951153)
Accelerometer: (-7.5409584,2.924793,5.9184594)
Accelerometer: (-7.485862,3.030195,5.84899)
Accelerometer: (-7.337341,3.1044555,5.877736)
Accelerometer: (-7.4068103,3.020613,5.8897133)
Accelerometer: (-7.4499297,3.188298,5.963974)
Accelerometer: (-7.3636913,3.1763206,6.035839)
Accelerometer: (-7.38046,2.881674,5.968765)
Accelerometer: (-7.505026,3.1236196,5.9088774)
Accelerometer: (-7.3397365,3.207462,5.916064)
Accelerometer: (-7.4834666,2.948748,5.8513856)
Accelerometer: (-7.4930487,3.1236196,5.8561764)
Accelerometer: (-7.461907,3.260163,5.834617)
Accelerometer: (-7.308595,3.025404,5.968765)
Accelerometer: (-7.433161,3.001449,6.026257)
Accelerometer: (-7.481071,3.2002754,5.9519963)
Accelerometer: (-7.4355564,3.039777,5.8178487)
Accelerometer: (-7.413997,3.0325904,5.8897133)
Accelerometer: (-7.3253636,3.082896,5.935228)
Accelerometer: (-7.5122123,3.2146485,5.9184594)
Accelerometer: (-7.437952,3.1379924,5.9088774)
Accelerometer: (-7.303804,3.049359,6.045421)
Accelerometer: (-7.3924375,2.9463525,6.002302)
Accelerometer: (-7.5697045,3.164343,5.829826)
Accelerometer: (-7.4451385,3.0661275,5.7507744)
Accelerometer: (-7.404415,2.991867,5.858572)
Accelerometer: (-7.38046,3.130806,6.0286527)
Accelerometer: (-7.4978395,3.159552,5.987929)
Accelerometer: (-7.3780646,3.126015,5.9232507)
Accelerometer: (-7.4020195,2.876883,5.901691)
Accelerometer: (-7.5074215,3.0038445,5.9040866)
Accelerometer: (-7.3924375,3.1236196,5.863363)
Accelerometer: (-7.399624,3.0996644,5.9424143)
Accelerometer: (-7.3061996,3.092478,6.021466)
Accelerometer: (-7.5840774,2.996658,5.9136686)
Accelerometer: (-7.4068103,3.1284106,5.925646)
Accelerometer: (-7.251103,3.001449,6.007093)
Accelerometer: (-7.5697045,2.982285,5.8418036)
Accelerometer: (-7.4643025,3.308073,5.810662)
Accelerometer: (-7.461907,3.0373814,5.8178487)
Accelerometer: (-7.3828554,3.19788,5.9424143)
Accelerometer: (-7.409206,3.269745,5.916064)
Accelerometer: (-7.5074215,2.9319794,5.868154)
Accelerometer: (-7.4163923,2.9655166,5.94481)
Accelerometer: (-7.2774534,3.274536,6.026257)
Accelerometer: (-7.505026,3.2721405,5.901691)
Accelerometer: (-7.5313764,3.1044555,5.7603564)
Accelerometer: (-7.3636913,3.092478,5.872945)
Accelerometer: (-7.4116015,3.063732,5.920855)
Accelerometer: (-7.4451385,3.2098575,6.031048)
Accelerometer: (-7.4403477,2.996658,5.911273)
Accelerometer: (-7.3828554,3.1140375,5.930437)
Accelerometer: (-7.3972287,3.126015,5.84899)
Accelerometer: (-7.418788,3.288909,5.9088774)
Accelerometer: (-7.3924375,3.0661275,5.9711604)
Accelerometer: (-7.481071,3.106851,5.8897133)
Accelerometer: (-7.366087,3.1763206,5.8370123)
Accelerometer: (-7.4595113,3.1284106,5.9232507)
Accelerometer: (-7.394833,3.025404,5.9424143)
Accelerometer: (-7.6128235,3.0900824,5.882527)
Accelerometer: (-7.500235,3.0134265,5.762752)
Accelerometer: (-7.270267,3.1332016,5.9759517)
Accelerometer: (-7.227148,3.1044555,6.174778)
Accelerometer: (-7.567309,3.025404,5.9999065)
Accelerometer: (-7.562518,2.9798894,5.75317)
Accelerometer: (-7.342132,2.9798894,5.729215)
Accelerometer: (-7.2870355,3.1188285,6.0046973)
Accelerometer: (-7.6319876,3.034986,5.968765)
Accelerometer: (-7.567309,3.1236196,5.858572)
Accelerometer: (-7.265476,2.953539,5.877736)
Accelerometer: (-7.562518,3.097269,5.810662)
Accelerometer: (-7.356505,3.456594,5.8849225)
Accelerometer: (-7.404415,2.9607255,5.954392)
Accelerometer: (-7.5074215,2.9176066,5.9519963)
Accelerometer: (-7.4211836,3.355983,5.8753405)
Accelerometer: (-7.318177,3.1332016,5.8897133)
Accelerometer: (-7.409206,2.9990535,5.901691)
Accelerometer: (-7.4499297,3.2194395,5.911273)
Accelerometer: (-7.5888686,3.303282,5.7507744)
Accelerometer: (-7.399624,3.2529764,5.781916)
Accelerometer: (-7.3014083,2.915211,5.9184594)
Accelerometer: (-7.538563,3.1715295,5.9136686)
Accelerometer: (-7.442743,3.312864,5.9136686)
Accelerometer: (-7.423579,3.044568,5.906482)
Accelerometer: (-7.231939,3.231417,6.055003)
Accelerometer: (-7.509817,3.082896,5.8465943)
Accelerometer: (-7.552936,3.193089,5.8130574)
Accelerometer: (-7.3493185,3.0900824,5.805871)
Accelerometer: (-7.52419,3.0517545,5.805871)
Accelerometer: (-7.466698,3.3392146,5.9136686)
Accelerometer: (-7.4834666,3.020613,5.834617)
Accelerometer: (-7.490653,3.1571565,5.8897133)
Accelerometer: (-7.423579,3.24579,5.8465943)
Accelerometer: (-7.390042,3.308073,5.8849225)
Accelerometer: (-6.9804115,3.0182176,6.2729936)
Accelerometer: (-7.6894794,2.9942625,5.9280415)
Accelerometer: (-7.6224055,3.3392146,5.8561764)
Accelerometer: (-7.3732734,2.886465,5.695678)
Accelerometer: (-7.5601225,3.0613365,5.748379)
Accelerometer: (-7.730203,3.351192,5.595067)
Accelerometer: (-7.519399,3.552414,5.681305)
Accelerometer: (-7.2678714,2.939166,5.8801317)
Accelerometer: (-7.8475823,3.0325904,5.7651477)
Accelerometer: (-7.792486,3.2481854,5.9615784)
Accelerometer: (-7.5313764,2.742735,5.8465943)
Accelerometer: (-7.528981,2.785854,5.8322215)
Accelerometer: (-7.1145597,3.1859026,6.1484275)
Accelerometer: (-7.1912155,2.857719,5.906482)
Accelerometer: (-7.778113,2.7978315,5.8130574)
Accelerometer: (-7.816441,2.9176066,5.973556)
Accelerometer: (-7.533772,2.742735,6.0478163)
Accelerometer: (-7.471489,2.546304,6.356836)
Accelerometer: (-7.5409584,2.469648,6.2969484)
Accelerometer: (-7.52419,2.3762236,6.122077)
Accelerometer: (-7.5697045,1.865982,6.198733)
Accelerometer: (-7.514608,1.6959015,6.2442474)
Accelerometer: (-7.538563,1.2168015,6.031048)
Accelerometer: (-7.538563,0.826335,6.0669804)
Accelerometer: (-7.289431,1.334181,6.6802287)
Accelerometer: (-7.5313764,1.554567,6.840727)
Accelerometer: (-7.5505404,1.027557,6.399955)
Accelerometer: (-7.4307656,0.8718495,6.395164)
Accelerometer: (-7.6128235,0.395145,6.3831863)
Accelerometer: (-7.81165,-0.189357,6.0957265)
Accelerometer: (-7.3301544,0.117267,6.3736043)
Accelerometer: (-6.7887716,0.5556435,6.850309)
Accelerometer: (-6.8606367,-0.117492,7.214425)
Accelerometer: (-7.1097684,-0.673248,7.219216)
Accelerometer: (-6.5156846,0.1915275,7.4899073)
Accelerometer: (-6.115636,0.6370905,7.315036)
Accelerometer: (-6.700138,-0.49119,7.5905185)
Accelerometer: (-6.427051,-1.679358,7.66957)
Accelerometer: (-5.904832,-1.5667695,7.8061137)
Accelerometer: (-5.5479026,-0.5175405,8.107946)
Accelerometer: (-5.238883,-0.6085695,8.230117)
Accelerometer: (-4.9777737,-0.7666725,8.323542)
Accelerometer: (-4.7573876,-0.5606595,8.560696)
Accelerometer: (-4.64959,-0.7762545,8.519973)
Accelerometer: (-4.6759405,-1.4278305,8.433735)
Accelerometer: (-4.386085,-2.038683,8.397802)
Accelerometer: (-4.0339465,-2.3285384,8.507995)
Accelerometer: (-3.662644,-2.0171235,8.994282)
Accelerometer: (-3.562033,-1.5763515,9.518896)
Accelerometer: (-3.456631,-2.029101,9.447031)
Accelerometer: (-2.709235,-2.2327185,9.42068)
Accelerometer: (-2.095987,-2.565693,9.511709)
Accelerometer: (-2.7403765,-3.001674,10.213591)
Accelerometer: (-2.0073535,-3.102285,9.049378)
Accelerometer: (-2.033704,-2.987301,8.500809)
Accelerometer: (-2.1271286,-3.3538125,9.049378)
Accelerometer: (-1.334218,-3.0615616,9.511709)
Accelerometer: (-0.5029795,-3.667623,9.149989)
Accelerometer: (0.0096575,-6.9566445,8.280422)
Accelerometer: (-1.3366135,-2.8603394,10.247128)
Accelerometer: (-1.5953275,-1.64103,10.984942)
Accelerometer: (-0.1580275,-4.577913,9.499732)
Accelerometer: (-0.1580275,-3.567012,9.027819)
Accelerometer: (-0.33769,-3.7754204,9.233831)
Accelerometer: (0.165365,-4.6617556,8.503204)
Accelerometer: (0.759449,-5.8355503,8.198976)
Accelerometer: (0.467198,-6.216435,8.527159)
Accelerometer: (0.0048665,-5.4283156,8.491226)
Accelerometer: (-0.117304,-5.200743,8.496017)
Accelerometer: (0.0336125,-5.0258713,8.591838)
Accelerometer: (0.280349,-5.224698,8.404988)
Accelerometer: (0.366587,-5.1408553,8.620584)
Accelerometer: (0.4887575,-5.3301,8.493622)
Accelerometer: (-0.3017575,-5.4905987,9.674603)
Accelerometer: (-0.261034,1.3413675,10.23515)
Accelerometer: (0.47678,-2.6064165,8.7715)
Accelerometer: (0.0336125,-5.301354,9.030214)
Accelerometer: (0.7235165,-4.2545204,9.116452)
Accelerometer: (0.3019085,-3.107076,9.399121)
Accelerometer: (-0.361645,-2.057847,9.58597)
Accelerometer: (-0.888655,-2.0746155,9.770424)
Accelerometer: (-0.7089925,-2.6974454,9.480568)
Accelerometer: (-0.4023685,-3.265179,9.530873)
Accelerometer: (-0.443092,-2.6064165,9.320069)
Accelerometer: (-0.548494,-1.4973,9.763237)
Accelerometer: (-0.43351,-2.158458,9.875826)
Accelerometer: (-0.1388635,-2.8986676,9.552433)
Accelerometer: (-0.4646515,-2.7549374,9.626694)
Accelerometer: (-0.376018,-2.589648,9.612321)
Accelerometer: (-0.299362,-2.7932656,9.566806)
Accelerometer: (-0.380809,-3.0807254,9.439844)
Accelerometer: (-0.538912,-2.6974454,9.430263)
Accelerometer: (-0.6131725,-2.4578955,9.602738)
Accelerometer: (-0.744925,-2.7453556,9.68179)
Accelerometer: (-0.505375,-2.762124,9.573993)
Accelerometer: (-0.3017575,-2.6303716,9.502128)
Accelerometer: (-0.2921755,-2.421963,9.63388)
Accelerometer: (-0.3257125,-2.2710464,9.655439)
Accelerometer: (-0.3688315,-2.1464806,9.636275)
Accelerometer: (-0.5077705,-2.014728,9.667417)
Accelerometer: (-0.4215325,-2.1656444,9.597947)
Accelerometer: (-0.3927865,-2.651931,9.554829)
Accelerometer: (-0.2825935,-2.565693,9.662626)
Accelerometer: (-0.265825,-2.1273165,9.68179)
Accelerometer: (-0.371227,-2.393217,9.645858)
Accelerometer: (-0.347272,-2.546529,9.542851)
Accelerometer: (-0.443092,-2.489037,9.612321)
Accelerometer: (-0.380809,-2.5058055,9.638671)
Accelerometer: (-0.2155195,-2.4099855,9.530873)
Accelerometer: (-0.0861625,-2.000355,9.01105)
Accelerometer: (0.083918,-2.891481,10.093816)
Accelerometer: (-0.5173525,-2.378844,10.136935)
Accelerometer: (-0.8647,-2.8555484,9.492545)
Accelerometer: (-0.5892175,-2.9944875,9.688976)
Accelerometer: (-0.366436,-2.4818504,9.655439)
Accelerometer: (-0.495793,-2.2279274,9.593157)
Accelerometer: (-0.3113395,-2.7070274,9.27216)
Accelerometer: (-0.1388635,-2.6495354,9.693768)
Accelerometer: (-0.016693,-2.4435225,9.724909)
